11.928
16.8548
5.60335
6.6488
9.10371
8.91026
7.41266
9.07144
11.9094
9.56524
15.5133
9.99471
6.95008
6.11603
8.20627
7.18318
8.59464
9.84519
16.7596
6.73587
8.24357
9.32834
7.05678
12.0969
6.92425
11.5587
16.3634
7.27061
8.34676
9.39671
5.70204
7.14753
13.3476
13.7531
10.6698
16.6741
8.76924
9.4339
7.60222
6.81205
7.38525
8.34123
3.62449
5.12109
4.4728
8.49952
10.1331
6.91403
9.5284
7.27031
14.2765
12.7988
7.91105
8.60331
4.38789
15.4473
9.63925
11.8321
13.293
17.3856
8.65919
13.6199
5.70417
14.5011
24.6971
4.59893
4.96868
15.9772
10.6544
10.8677
8.8005
7.01208
15.5668
4.08934
18.9019
9.55133
12.2439
5.32454
7.629
6.65051
8.30518
14.9041
8.81886
17.7942
5.17102
6.7016
14.3645
4.51747
4.51313
7.98546
12.7212
13.3671
19.4791
6.76985
9.56729
8.17848
14.8175
8.20996
19.3718
9.70232
10.6997
12.6912
15.6639
12.7751
2.63035
6.00857
10.7752
7.78316
10.1463
5.97837
7.96291
4.70773
7.97192
12.2706
6.15041
12.364
4.56192
4.98627
7.13885
4.8251
13.6626
12.037
9.69909
3.42161
11.6852
12.7084
1.47723
7.36558
13.6523
10.3153
10.3885
5.86267
10.6019
18.5901
6.18817
3.64247
7.94544
8.6437
11.4371
3.01678
13.0043
10.2805
10.0581
14.6275
7.29178
17.5401
11.8708
1.89607
6.13427
4.06507
8.81491
3.52113
9.47328
7.14259
10.8045
6.37274
8.37203
7.04791
10.2222
5.99886
3.85527
11.6466
12.469
9.04195
4.88276
12.9522
14.803
21.7223
4.75371
10.1296
9.0376
11.2268
8.0253
15.3078
6.96132
21.0345
13.8285
12.3362
11.4676
10.3232
10.0037
8.61893
12.545
11.2965
12.3192
4.71056
11.7832
3.15106
4.51303
6.20844
6.10928
9.9091
13.0233
8.66116
11.4704
4.05078
8.13143
6.13333
10.7552
13.085
10.019
10.1922
10.8411
8.34388
8.00973
6.99425
17.6079
8.15155
12.7833
4.70137
5.48586
9.95505
1.51104
14.8118
3.20371
9.64152
3.48308
4.72754
7.74368
8.66693
8.69636
5.96783
5.22987
9.88403
7.24758
3.25304
17.9117
6.07118
7.55537
5.92346
4.70395
7.8267
8.92269
4.47763
5.09253
6.13157
14.556
10.071
6.50731
5.3385
6.7528
10.1525
8.33774
2.19061
23.4456
5.53946
5.37964
9.51987
5.39023
4.66767
8.36586
11.8444
11.4084
7.54415
8.71483
11.8668
16.218
17.6453
3.41119
9.3441
5.4358
15.9468
5.54339
7.33766
4.10279
8.3015
3.87245
3.71104
4.19177
11.7135
4.74221
6.21538
11.8018
7.902
4.94474
10.4246
7.88912
6.33906
3.71962
9.81347
4.2126
5.05034
16.9178
3.94023
5.1544
7.61885
9.96585
5.05961
11.8794
9.61776
11.5494
6.15614
7.60542
6.6004
8.91466
10.8501
8.27414
4.06269
17.6884
4.89965
7.52234
6.86507
1.91937
6.87517
4.4004
4.74583
9.80433
10.8145
5.36454
14.8908
9.30172
10.7519
15.6306
5.79293
11.6644
11.5785
3.49136
7.91536
3.54074
6.68388
11.2805
23.2738
5.70588
5.95139
10.9641
11.3099
16.2829
6.63059
5.08195
5.23744
8.54471
5.03895
11.8175
5.09776
11.0042
8.92102
5.96205
7.45384
7.2611
11.8474
6.42185
4.18638
12.0346
5.72354
14.3646
9.70456
12.2129
10.5401
7.17345
7.02963
5.41238
3.95149
8.50423
17.1762
7.17369
0.732168
8.02254
10.8861
15.8259
9.91761
5.88754
6.45831
6.81319
16.9061
11.4873
14.4101
4.81525
5.63958
3.75831
8.17067
8.31777
8.48997
3.94172
9.67388
10.4671
10.4237
5.94826
11.2829
11.4623
9.31601
15.2165
14.4895
8.82589
4.84947
13.3857
11.4899
13.1196
1.43766
5.81083
6.28363
4.72232
15.2343
8.1497
4.02689
8.67494
9.14394
3.11943
10.1738
13.1107
3.88826
10.2202
14.5456
10.819
4.84252
4.89787
3.8912
4.74281
5.60172
8.41282
7.5381
3.16457
11.7442
6.41662
6.98039
19.4134
7.31121
4.4625
3.6538
7.7057
11.2702
7.32698
14.2622
8.96167
3.30753
6.41837
9.16994
12.5548
2.93301
14.811
12.8795
6.45418
9.80327
5.78818
13.3528
14.6876
5.67668
17.907
6.06975
5.02877
18.5205
8.80896
7.21334
3.85903
4.13132
7.48125
6.73546
9.98842
8.7313
13.2934
8.99609
9.47197
9.8961
7.09536
3.47023
2.77861
16.7628
7.06729
6.2184
2.32636
4.3762
6.68568
4.59953
10.22
6.88942
4.29085
16.8281
3.93744
6.15379
8.29815
7.06414
12.0478
8.65345
2.96632
6.97997
8.05164
4.10777
7.43946
10.4656
12.7798
11.6142
10.5472
10.7616
6.16795
7.53849
25.731
13.2307
17.5278
9.64446
4.47184
6.18683
7.03633
9.81375
16.0827
15.0137
8.13849
11.4722
8.36302
3.47706
4.91769
3.12484
6.24057
12.2154
0.89325
10.3137
7.72316
13.2981
10.5522
11.8603
13.2244
10.4811
16.0431
5.39357
8.25281
7.54453
19.2036
2.53607
16.84
8.53554
13.4249
8.32732
8.9363
13.796
7.44405
6.01224
2.8495
10.938
11.331
5.856
9.4884
13.0856
9.8397
9.77081
11.0817
7.3143
6.45307
10.6051
21.6826
7.4385
8.94225
15.6258
6.59853
19.0738
7.7351
3.9165
12.5564
5.45917
15.0022
5.75104
17.9966
16.7891
12.6791
9.06941
6.72914
7.98099
8.91296
15.6447
5.60054
7.24848
4.65119
4.54021
12.9756
8.81407
5.04841
4.49624
5.46841
4.6911
11.5945
5.26915
9.88639
8.67365
4.77922
16.5708
8.59649
9.89337
16.2191
6.73187
10.6368
14.997
7.31712
9.94246
14.599
13.7597
11.4516
20.1142
12.5748
4.19538
10.8769
9.68481
5.95661
7.37635
2.32882
5.60414
5.63241
13.7858
3.99571
7.25925
13.1725
14.2821
14.8704
3.07335
7.80066
10.0397
8.46235
13.4555
12.766
16.3066
4.59387
12.9073
9.77374
7.4574
2.66342
8.61228
7.86826
5.50122
9.8074
6.13485
7.71109
2.79147
5.70196
7.54008
5.97592
6.25796
8.57834
5.83898
9.24439
6.34998
8.74374
9.10015
14.0754
14.3054
9.49682
4.70838
10.1613
7.45688
5.06806
5.02916
9.62957
14.3988
7.06441
6.40937
5.1777
10.0256
17.1932
10.8393
7.34951
10.5934
6.90891
10.3808
5.57837
14.1675
10.1615
10.7425
12.2143
9.05718
12.0097
6.68136
10.3188
6.66973
5.60125
3.52252
13.6197
5.61146
14.9607
8.17352
11.0479
7.89386
8.06938
12.2257
12.0217
6.66262
4.96475
9.84333
5.11115
5.45773
5.94902
11.035
10.8784
11.3132
3.04749
3.38384
4.17431
6.98205
7.26529
8.94857
9.18759
13.1271
5.37701
9.75213
8.73933
7.85293
13.9908
7.94095
10.6453
2.23964
10.3894
15.3995
6.49231
6.94003
5.95658
9.81507
10.0094
6.98646
5.6343
3.2827
8.37859
4.87759
8.5596
10.9812
13.5548
9.60192
10.6681
6.65966
8.13761
6.51757
3.42495
8.68739
8.01746
8.19349
11.1853
18.7459
4.69311
12.2838
19.6294
6.7674
6.02371
5.22569
3.8192
9.90215
20.552
6.76532
7.9628
9.73883
4.77974
4.55876
3.36657
7.56942
3.3861
9.23113
12.5656
5.05814
8.1024
9.35061
3.08834
19.0473
21.0023
3.22132
3.28119
3.83634
6.03211
12.4111
5.23262
5.86717
14.5722
12.4099
4.50975
10.146
6.84703
9.33185
8.38667
6.3859
14.2323
5.74944
6.74871
8.50194
18.1965
11.5298
15.9615
8.4266
12.5526
17.9904
5.80626
2.38972
11.9457
7.3937
6.41919
4.99522
11.2585
3.64392
5.26829
6.48098
5.76486
13.8297
4.51504
8.93503
7.53354
7.89517
5.20451
6.43729
6.0578
9.05223
8.75543
16.3484
2.50683
2.46926
9.11915
10.4916
3.28206
6.06125
9.15124
6.59447
13.7312
4.29153
8.76507
5.56288
7.82541
12.3104
3.3652
12.8351
4.46559
5.77802
7.17742
6.46362
8.74737
4.65786
9.15406
4.9124
7.31809
7.78672
3.46836
5.29382
9.68635
9.65096
16.149
6.58173
7.96492
9.88209
12.9029
15.884
7.49297
7.86875
10.6178
4.59395
4.88613
11.0211
14.3003
5.78396
4.89502
6.70777
6.20603
9.42991
6.96933
11.3176
14.8903
6.01528
9.16732
12.1943
3.3393
13.8589
9.75221
9.86818
9.0514
6.33202
14.6864
6.92537
6.30579
5.43797
17.062
6.46948
6.33762
6.97531
9.04422
16.1765
6.23256
9.18368
4.1743
2.64365
7.64178
4.80503
15.1797
4.8651
6.79374
10.5303
10.4565
10.7417
8.99207
8.17499
9.96257
19.6215
5.14612
12.091
12.491
5.4837
10.0243
5.29326
3.82337
9.89046
6.16094
2.97601
10.8101
10.4532
8.77222
18.3962
5.22255
11.4164
17.2886
8.23277
5.93377
11.4518
11.7606
9.03941
2.14456
4.49656
13.1662
12.0029
11.0557
18.8183
9.08899
2.96032
6.71037
2.99791
10.1927
4.62534
5.70979
11.4176
5.50832
5.89615
7.81545
2.99817
12.455
17.202
6.80882
5.55146
6.87706
6.74892
5.13173
12.7298
12.3465
4.87824
4.29866
3.42729
8.16072
7.8113
12.39
17.3508
7.49638
7.00187
14.0825
3.33479
7.87292
17.8181
5.10515
8.27733
6.27034
12.5256
3.76444
16.5502
6.39998
2.87341
13.986
10.046
10.3863
5.62589
5.35309
12.3781
11.674
11.0981
12.9369
10.5543
7.47346
8.85335
5.92517
8.79653
6.69947
12.6685
4.28303
11.8174
7.93744
5.27713
12.3424
9.81891
9.5395
9.12956
6.2859
10.1716
4.47671
14.2294
10.1518
10.2545
7.02872
3.50716
7.44334
7.08265
3.79334
10.4145
13.1108
5.79427
19.1271
4.2738
18.466
2.53452
9.99346
11.734
17.5082
3.98498
5.00336
7.07708
7.7239
9.1226
14.3354
7.00439
14.8638
14.7516
6.26676
4.03585
8.98381
12.5249
10.749
11.4812
8.78631
11.2082
10.3027
5.22779
3.58042
12.1211
6.11062
16.2551
5.02663
6.27808
6.49215
17.7426
8.90589
8.93253
6.89496
6.53584
6.48179
8.69366
4.79864
9.8144
4.5729
9.72843
7.33527
12.6536
5.83606
10.5193
7.62221
4.77316
12.0253
10.1911
5.34304
11.3657
3.24162
18.0571
5.9197
7.26697
4.59879
9.96519
4.16482
6.49961
5.1212
7.71492
13.0482
5.15175
10.8319
6.41077
5.26184
13.6871
3.96656
11.5655
10.64
7.8059
11.0146
22.8742
10.4084
6.17495
7.59608
4.59407
3.22134
13.9544
3.63215
17.6594
4.1021
7.00897
19.1686
7.71626
4.49458
9.16868
11.5167
18.5248
21.1212
11.0993
11.4003
9.59929
11.9642
9.3021
4.46827
8.93588
2.88538
7.94485
8.7128
6.77746
13.082
9.94172
12.229
11.514
5.24777
7.68783
7.86449
7.58122
5.61014
7.17379
4.52437
7.88976
6.51313
4.96214
3.08215
2.26136
5.36571
5.38622
8.10486
11.7084
10.6676
6.90366
15.2753
13.8283
11.3295
14.7239
10.8678
10.7441
6.66926
8.48484
4.74964
13.7656
8.05018
6.40905
9.54592
6.60856
6.10165
1.90263
10.264
7.7635
10.7583
10.6344
7.23342
10.3187
6.85618
2.17066
3.49354
13.8806
20.0011
10.1609
10.0951
9.59143
8.52031
13.0049
6.95333
9.99328
7.18832
15.144
3.30785
5.53291
7.209
13.3169
6.13995
3.36347
8.67828
8.95927
9.39273
2.82557
4.67676
8.36279
8.0364
7.00615
5.29193
8.97926
3.86519
10.1049
9.55268
14.2997
8.36056
8.89508
11.9048
3.76546
4.64521
7.65517
6.07735
5.26573
15.0893
14.5606
4.15781
15.677
4.39338
7.88295
9.01551
18.8038
7.5697
14.5714
9.30686
5.51487
17.0539
5.67706
14.8187
10.2359
10.3413
13.3606
11.258
9.91069
8.40432
11.5113
12.158
8.34219
14.8754
7.71621
9.50228
4.96163
5.71284
7.83779
12.146
21.0945
8.29566
13.0242
7.26278
8.88716
7.10315
5.55319
6.55873
5.714
14.6287
6.79224
17.3507
6.71139
5.94509
6.55223
12.3465
5.14086
6.58199
8.6231
8.59496
16.5502
8.40624
14.2677
14.5948
18.2098
5.55804
12.9091
10.1751
5.6764
8.83159
3.28516
10.5003
4.89896
5.47746
12.6487
4.95382
9.28808
11.9759
3.38056
9.18273
11.11
8.39724
3.16613
10.1964
9.03229
7.02243
7.98134
8.04575
9.00513
1.95501
10.3267
10.5635
8.46278
5.70246
5.04794
1.78622
8.01006
6.32734
7.53621
11.942
5.85555
8.93792
8.36458
5.45163
7.99819
6.26712
3.90666
3.72867
8.05623
9.81071
9.55747
10.201
12.8243
3.83324
9.77441
7.13788
12.9686
13.3346
9.93621
8.61894
4.34574
4.89325
11.2123
10.662
19.3619
12.6297
7.88686
14.6308
9.55367
4.84381
5.24852
16.9075
7.78258
9.08806
9.54026
10.4265
9.44825
13.2091
16.2238
14.2719
7.80312
2.76806
7.09938
5.35098
10.7519
11.3199
4.14251
14.5793
9.2816
12.5662
5.52946
11.7991
4.67007
13.6603
4.58186
6.69998
4.37568
10.3342
10.7979
14.171
6.22135
5.96931
5.70427
12.9764
4.69652
4.924
8.67865
7.83731
16.5267
3.06339
9.10035
3.06208
13.2015
7.97988
4.00386
7.68879
6.93711
6.62993
6.83856
15.4351
6.2863
6.24184
13.6867
8.7744
6.12927
17.7463
8.00961
13.2482
15.4908
7.59563
5.85756
11.0258
11.1908
6.78565
13.6196
5.83227
7.62573
7.99579
10.9843
8.74301
9.59539
9.51892
10.9705
3.62668
11.6526
9.28604
6.64558
5.51542
9.44856
6.45738
3.62319
14.7108
10.2253
6.82354
9.94824
8.15734
5.89562
8.7715
14.4541
8.11097
5.32576
2.90662
9.32035
12.4047
7.05156
14.8704
9.00952
19.237
6.701
4.76843
8.34491
6.62681
7.81826
6.89759
14.9138
11.3515
9.36352
8.63616
4.73295
12.9577
7.13454
4.19953
5.76507
15.6375
6.88553
18.0635
7.96666
7.84785
4.70765
6.86961
19.6552
11.6894
14.261
8.07425
8.86439
9.78755
8.57896
11.0213
2.36751
5.55103
10.4508
4.6891
14.3586
8.84426
7.04499
10.4875
9.10957
11.3308
9.76727
7.75925
8.9449
3.7574
14.569
13.2175
3.04844
6.98854
8.11815
12.0301
11.2638
6.28799
4.35423
3.89061
8.7637
6.61157
1.70092
9.43857
13.317
3.33916
8.25586
8.34296
20.9666
8.82801
4.58293
6.98145
12.4055
8.74815
5.02307
11.6311
3.49343
5.76821
13.1835
11.4689
9.92208
7.49171
17.4749
4.33365
7.72979
11.9687
11.3843
2.61995
8.57859
4.51531
2.60509
9.17888
11.1498
10.753
6.44499
10.2159
5.12397
8.01949
5.10315
11.7207
18.411
1.50556
8.96294
10.3613
8.5923
13.7001
6.00464
7.974
6.05377
9.48834
6.17477
11.0752
9.06213
16.2124
1.96946
13.962
11.0407
7.3327
7.60176
6.22475
6.40321
9.31376
8.45331
1.5173
11.9367
8.25876
6.86597
8.66618
6.1543
2.56996
9.75245
4.60192
4.59945
10.1114
7.67618
4.46829
11.0949
10.2167
10.7246
8.57963
8.24168
16.4792
3.00562
6.91543
13.5147
14.6491
6.45678
9.48632
19.2061
4.13034
10.6377
10.1029
12.2097
7.86168
13.2646
13.3139
11.5503
13.0946
10.0446
41.67
8.24641
7.87857
7.71983
8.70124
7.88952
7.58209
9.32103
10.0853
3.86332
10.0357
4.86882
10.4734
8.27786
5.25062
7.79822
5.95517
2.20138
5.78819
10.0721
16.9291
8.6915
2.35913
3.94447
9.02872
5.54801
9.57531
7.66018
5.13124
21.9665
12.3109
2.87512
8.05303
13.8951
5.89431
8.47221
5.62739
14.185
12.9641
7.50198
9.52684
6.29329
2.78107
11.9151
12.3031
7.52761
10.3838
8.03298
5.64358
5.34933
10.4946
6.50581
9.12048
4.27111
3.15518
7.8305
5.04304
9.44537
9.9056
14.3547
8.56732
5.41587
5.62373
5.05919
13.3748
8.73937
19.8127
8.10703
10.7416
9.0375
10.7006
7.99691
7.71283
23.1479
12.2393
9.28662
6.57163
5.45501
16.9405
5.64247
7.96223
5.29553
10.1515
9.0939
9.62504
2.49555
5.10896
8.2324
8.72137
8.24758
12.7861
10.039
9.62288
4.69823
11.8211
13.758
15.527
10.1057
10.3251
5.07042
2.28055
6.18414
14.9074
10.0372
11.5674
10.8378
7.01085
5.11599
5.66817
10.9133
11.2823
13.6846
5.51054
11.8566
7.87221
6.0728
3.23358
8.13454
11.4879
12.4277
9.09737
14.8081
11.0533
10.3265
6.9034
11.279
13.3268
6.04182
7.4013
8.57909
6.90508
8.28631
10.5516
6.85391
7.56356
11.3474
5.53769
13.2863
11.5937
16.1926
9.36583
11.4239
15.0979
11.9488
13.4661
3.55558
11.3296
12.9751
6.60543
3.91142
7.94405
4.097
7.75599
9.3519
7.20601
15.712
5.61376
7.42404
8.16795
6.62472
13.5924
6.59269
5.56749
8.36642
5.20049
13.619
6.20077
5.43532
5.25129
6.35754
2.64845
10.1644
11.3212
8.64241
5.19354
7.59937
5.07973
15.7252
8.32426
5.68296
18.7085
5.07004
5.17142
16.839
9.89464
7.67614
9.13503
7.50322
4.6461
13.5439
7.56327
4.02852
9.6254
7.60861
6.6315
8.12504
2.52114
14.2093
11.438
7.86436
17.2358
6.94321
4.51831
8.39093
9.06259
11.7207
9.67843
4.8425
6.65097
11.7766
6.03226
6.26938
10.2703
3.57347
11.3437
12.1588
18.8798
12.1199
15.8726
11.876
16.8615
11.4997
14.9382
11.2586
8.94316
6.65606
4.00442
11.6248
3.61142
9.88375
8.58396
6.63192
14.1992
4.76628
9.12556
8.2476
10.0395
8.35695
4.37588
3.64833
6.14136
24.4627
10.6632
9.98236
4.86691
11.6854
12.7525
11.3267
4.82676
11.454
6.42699
6.28745
10.4894
4.18296
11.9885
15.0008
10.6766
3.64457
18.623
18.7851
5.08089
6.92484
11.6152
8.68324
4.9167
13.6192
23.608
17.1903
6.56537
9.9338
13.2705
2.23402
6.28006
5.05981
15.9429
14.887
1.29759
9.58372
19.5222
3.6367
9.41672
15.8112
8.87468
2.70499
15.6337
9.74986
17.5608
5.49265
14.0685
2.54402
6.49523
6.65704
8.81326
5.20453
13.6722
15.2151
7.44181
5.02978
8.93009
15.5001
6.74576
4.77377
2.31234
4.16773
5.58331
9.4178
7.29555
11.172
9.91704
8.5955
8.37618
4.89214
13.1176
9.43881
9.61654
14.558
15.311
12.0474
10.1086
5.87492
6.8804
15.95
9.6945
15.0288
15.9295
8.59807
5.21844
9.47192
19.9358
7.62787
5.40938
12.9655
16.0311
5.74772
15.3006
1.85462
3.09845
8.57987
13.3264
10.3536
2.48425
6.99732
6.43062
10.0415
7.34086
10.326
7.77668
10.543
13.7749
6.48884
5.57717
5.8314
16.2949
10.2195
18.2305
15.0173
13.755
4.79725
14.4405
5.66669
8.04701
10.6451
13.4818
15.8816
13.1756
6.14881
4.75589
8.67795
8.40371
8.81569
11.6829
13.5407
8.99272
13.9119
24.1973
6.54005
9.77027
5.32429
8.39267
1.27733
9.22744
10.2828
11.7387
9.30133
7.22297
1.8988
4.44905
5.13119
13.1402
17.1513
6.14605
3.10802
5.05932
8.1124
6.57619
10.413
6.41671
6.36069
10.0211
10.4075
11.9621
15.3055
9.09895
5.33627
15.99
6.9211
7.80871
13.0963
7.5831
19.8346
7.75301
8.40399
13.7877
6.49318
11.7881
7.68914
7.64521
10.3692
14.5104
8.66798
18.0678
14.603
11.526
19.4192
9.49114
4.45819
13.1688
16.4855
6.3034
6.94081
6.58665
10.128
6.43577
10.6373
9.6737
14.0768
3.17073
16.9821
5.47229
6.7511
9.4343
17.8246
10.1264
9.23636
15.8807
12.7611
4.85626
4.42591
6.92505
5.95817
7.43293
11.0019
8.7461
7.40322
6.70274
10.3897
14.4227
9.33861
15.3378
6.22795
10.1274
6.08833
12.1124
12.0779
14.2502
3.04826
7.32499
13.8138
14.6893
8.74997
11.9236
19.6077
3.74093
6.32422
8.80969
13.8359
19.9349
6.96526
7.672
8.14241
14.1249
6.61094
24.1621
14.0375
6.61913
4.88874
8.42418
7.08408
9.40486
7.85395
6.44131
10.2143
16.5404
5.64622
17.8794
5.9826
6.01987
6.60177
12.1529
3.36692
14.3948
16.1136
6.38699
5.93556
8.57174
8.09223
9.57416
16.0435
14.2732
10.423
9.11972
9.12395
4.27852
7.49045
10.8207
9.69681
12.748
6.62725
11.9755
5.93466
6.08706
9.79901
9.71222
1.70722
11.7554
16.5286
9.62245
6.11583
2.76874
11.7152
10.3103
13.8928
8.20907
8.70965
10.4151
3.65413
6.78732
2.9602
9.71527
6.89712
5.19759
5.041
10.3016
10.5255
4.72042
5.04492
8.54283
12.5458
10.0226
7.98525
9.98625
6.47875
9.81014
9.94315
12.8376
10.8337
10.9664
6.58816
9.11539
5.38043
11.4368
7.43745
14.9348
9.85613
11.1058
11.0725
15.36
4.53184
6.27918
5.62487
10.5234
6.736
8.29164
8.74294
13.1734
8.95573
8.46371
6.52157
12.7402
13.3784
10.0791
5.22158
13.6455
6.80944
12.913
7.00421
6.52766
4.97047
14.6122
10.0773
5.67485
3.46232
6.13256
8.02469
8.46903
5.68999
7.6355
10.9284
7.30216
10.7149
5.37742
9.58633
10.2515
18.7767
4.44824
7.54749
15.5924
1.54047
6.72951
9.71999
8.26984
8.48789
8.14797
14.6142
8.14823
9.84721
5.78299
14.6949
7.55267
3.94429
10.6044
11.2364
3.40815
3.22576
7.85968
8.14112
11.065
9.74188
9.74767
12.5757
21.2483
7.1059
5.26765
16.1062
5.8112
11.3012
5.69085
5.81329
5.19797
6.01405
8.50363
8.67768
9.31071
9.73015
24.7799
2.20344
5.32445
1.999
18.9797
16.4904
4.81027
8.61487
9.55126
1.39107
2.86206
7.85949
6.61733
15.7119
13.8549
4.20652
10.9009
10.9288
7.51676
22.824
8.50775
4.82579
9.56323
18.2673
7.11026
14.6645
3.39912
7.70081
11.7172
2.26931
7.25706
2.81684
18.6613
12.8021
3.97823
5.57116
12.6036
11.5317
16.021
11.8398
9.61731
6.96565
5.8268
8.33363
17.9687
11.7744
14.2506
4.86771
12.7589
10.4715
2.04796
11.1454
4.48771
17.535
13.231
10.1224
6.31363
11.4621
7.65834
8.99723
10.2086
7.05714
4.35472
10.3379
7.5679
5.51927
4.23789
11.1716
11.6099
7.81375
8.58312
9.87893
13.3552
12.4416
9.85657
6.4525
8.91688
6.07611
9.35898
2.97434
12.8073
9.04536
8.49016
6.98765
4.58781
7.24404
6.50882
5.53786
2.89581
14.8808
14.7669
5.54614
9.23244
8.88543
6.39343
11.9943
10.7909
3.56988
10.5564
17.2429
3.4011
9.74458
13.3163
15.4702
6.63664
5.7894
4.72169
11.5131
15.6223
16.3413
7.49219
3.52793
18.5827
7.40226
8.46311
28.877
12.3874
12.8221
9.69673
4.64988
12.3129
5.95481
12.0699
3.08494
10.0118
2.30097
11.0627
3.2668
5.37638
6.59805
5.2082
8.69341
6.66694
3.33455
8.31843
3.62274
18.3576
10.8637
7.45522
10.758
10.8375
14.1199
10.3603
5.30919
8.44969
8.62477
15.1261
5.14677
19.9762
15.4192
3.31217
13.5599
13.2445
12.4799
9.35759
11.2385
10.2498
8.16066
6.38893
12.7798
8.82229
7.54059
10.7505
8.72843
6.27476
16.1003
15.4991
6.11191
6.6069
12.1792
6.46042
4.17209
9.30411
7.9614
7.41138
13.1934
4.60575
10.1321
6.94397
4.99269
9.77613
9.7812
4.51684
14.4232
7.94286
18.4668
12.8297
14.7209
15.7851
2.71537
7.06412
16.0406
5.60418
8.60713
5.64609
8.48988
4.15801
2.21615
3.70528
6.58898
2.7566
6.66087
4.62872
4.75329
6.75677
4.38754
5.14921
11.2855
5.32215
16.6962
7.57656
10.2314
5.79267
3.51779
7.48971
2.78039
15.9486
13.9979
8.16719
9.85139
11.457
15.5197
7.95232
17.294
3.99947
4.42569
9.68646
7.64237
11.2476
5.67804
14.009
19.2759
20.2223
7.36641
5.47372
7.50807
7.14472
11.5866
9.72662
6.99075
14.9428
6.0037
8.50358
9.38274
15.1002
10.287
6.58919
3.9827
0.905199
5.68407
11.5769
9.78612
5.63359
15.8067
4.18261
2.41015
10.2864
10.2991
3.02381
12.4082
5.11905
5.77902
8.91345
5.218
6.4609
18.8913
12.7223
10.2298
16.325
7.46824
10.5961
9.12342
7.37006
7.00922
12.1575
12.1809
13.113
10.3253
14.035
6.53146
5.95693
7.25003
3.68653
5.18748
12.5394
8.29764
5.54607
10.0411
4.44646
9.89708
4.18571
4.95067
11.5295
4.95826
14.1239
4.92684
9.53277
6.36107
11.3561
6.04711
8.1491
6.69026
3.66416
3.89537
9.12097
8.96021
4.41855
14.2872
8.15976
10.8595
16.2851
7.43814
3.15285
3.89197
5.30655
7.4335
8.39498
8.95101
7.75529
5.74635
3.41211
10.6926
15.5078
6.28324
6.38265
13.8496
14.9256
11.5153
9.95822
5.55063
7.308
4.09888
8.39797
19.1901
7.08365
8.09219
8.9371
9.5782
9.72182
5.36705
20.5486
22.3885
9.42926
9.41294
9.29548
3.77574
16.7774
5.42941
11.0568
14.4201
9.5098
7.85296
12.9651
22.1586
7.99487
11.2153
9.42528
6.49038
9.52756
12.9759
10.4732
3.17063
8.21629
15.9998
9.17788
5.62083
10.808
8.27726
3.9258
3.31266
6.59624
7.30112
16.2127
11.5496
11.0321
5.79867
5.96309
5.65781
3.49412
10.8441
2.3713
10.2573
4.17423
4.3929
5.03044
9.27616
10.1652
8.79654
6.7372
8.13116
9.33761
11.279
10.435
8.23077
8.8187
5.23462
4.7782
4.80809
5.94447
13.2238
7.5862
14.0448
6.51705
9.32032
8.3469
12.3272
16.4248
15.7995
2.74454
5.42438
5.80285
8.99129
8.14934
9.13381
5.05972
6.25778
5.88234
17.034
7.0601
9.50186
12.5215
4.33757
4.44382
9.30154
7.55868
9.47426
14.064
4.48609
5.31531
15.1013
2.04306
6.23841
7.80138
10.4162
11.9199
6.16036
11.1177
10.7511
10.26
9.9207
15.0762
9.44435
6.43604
4.55405
12.5453
14.8179
7.97303
3.02098
13.4749
8.43416
6.37517
9.71571
5.13568
4.72863
16.5269
19.6077
7.17798
9.09366
15.8268
7.74205
9.09759
7.67635
10.2987
10.2324
5.48935
11.5437
10.1756
11.3757
8.4435
17.6033
8.04707
11.0147
10.1157
15.0335
8.51121
11.7038
7.6406
12.6242
6.54726
5.90359
8.62981
9.12342
13.4521
5.52084
5.96545
3.57036
9.871
7.93246
3.77219
5.0127
3.64078
5.52692
9.90437
17.6654
8.1445
2.8905
2.58716
7.55142
10.2248
6.09261
10.9274
6.77651
5.95264
14.4497
9.35601
7.64336
12.4897
10.7136
16.7728
7.1022
6.56904
11.8219
4.42932
16.003
10.6732
3.3857
8.86388
4.59848
6.03892
2.74001
9.01297
8.96006
9.83297
10.3158
6.41481
7.43717
8.76246
5.69273
13.2984
5.35449
4.99793
15.5647
10.4752
10.8422
15.5559
7.59277
22.4472
7.99318
5.57058
6.28962
4.37092
15.2772
15.0071
3.13693
11.0329
16.3694
8.72051
7.27782
12.7402
11.4634
6.67613
9.98196
5.84589
12.6562
12.7594
15.9304
11.4652
2.86012
13.1343
5.95009
11.3926
12.3854
10.0423
3.59061
2.44012
10.2235
12.9791
6.1041
3.89235
1.861
4.20823
6.97375
8.36043
17.6942
9.03896
9.59861
14.9432
5.24479
6.61978
4.03286
2.67282
6.39488
3.34571
3.49057
3.1569
16.0938
3.37794
5.73208
8.67885
5.87726
3.7157
6.56839
10.7283
8.46706
4.55896
12.736
6.37365
7.41482
7.5468
8.66229
12.5557
5.87069
3.21352
6.93159
9.3224
8.62436
11.4435
7.02076
16.9376
12.3745
12.0428
12.2501
8.30601
11.0169
6.71705
4.84015
14.034
12.6853
11.7049
2.60393
2.22856
5.37474
14.8189
8.73538
6.65693
8.83032
6.87466
4.16568
8.00047
7.67208
9.92689
12.1017
11.0477
14.5006
11.0752
12.5813
3.38093
13.6264
6.18381
5.29943
9.62314
6.66201
6.4116
12.1725
13.1528
11.1608
5.89778
8.85975
8.98931
13.5954
4.19157
10.3347
6.71499
8.92899
3.26946
14.3557
10.9349
6.28307
8.27533
10.7104
15.3792
10.7727
4.59206
5.42104
1.85078
7.32692
6.74652
10.1101
11.691
7.82859
14.7531
7.37789
5.44443
14.5278
7.65516
10.1421
6.33437
3.74367
13.08
11.4402
10.9502
20.4279
2.72253
15.8409
3.17662
7.03273
8.8547
18.8264
7.19497
15.5028
9.91128
17.7617
12.3873
6.80638
3.77624
4.46495
5.6062
11.7843
6.78838
4.39907
4.52986
6.18211
5.4186
5.23525
5.60656
4.63653
4.04009
16.8877
12.9678
8.94303
7.99589
8.33926
6.65216
7.49096
7.40464
14.6097
5.58872
8.14359
7.13147
5.90064
9.80787
5.41774
7.01736
13.9872
4.82709
7.8884
13.6577
11.9504
8.46789
5.06805
9.05302
7.39761
11.4621
7.4401
10.0538
6.4774
7.95149
17.0213
4.88419
10.5951
6.86914
5.41071
2.10121
14.6332
4.37259
12.2309
13.435
4.24086
8.5041
6.38573
8.57518
1.953
9.33891
11.1261
7.36397
3.1776
13.34
10.5282
6.83098
4.43021
2.67985
6.21662
7.21239
5.63109
7.54091
14.7241
7.19571
7.4757
10.8572
7.25968
5.16684
5.81888
3.47766
5.22203
7.82719
17.0979
6.34766
5.6606
2.81835
4.37346
4.47189
8.93395
23.4506
6.47564
6.38997
5.58164
10.9981
13.7976
10.7339
6.42101
12.8643
12.4973
8.84127
4.75957
3.02797
7.89203
20.7491
4.70869
4.41315
2.91998
4.61847
18.9909
6.83905
9.3758
5.23015
3.91215
3.96929
11.7419
10.8894
7.62059
11.7272
6.07843
4.80148
9.56703
17.7837
11.7117
9.35705
4.47861
9.26043
9.74292
12.8784
10.5862
9.59744
4.67044
8.56398
7.88179
10.1869
3.36559
5.83428
5.43454
3.29221
10.8128
5.82962
18.6862
12.0161
3.18174
7.03112
6.61072
8.76162
8.25296
6.9727
8.19947
11.1317
13.1429
6.83557
13.3516
9.06794
6.59006
4.55199
3.94522
9.27764
9.79926
13.5872
9.16377
10.8243
11.5501
4.45549
7.30892
12.7651
11.0819
10.8106
12.4838
7.78357
5.90496
8.67798
5.14863
12.5726
6.75627
8.96545
7.3093
7.14855
7.25208
3.3678
8.65294
2.3517
4.64872
19.7174
13.6348
4.94151
5.43062
5.91212
11.3955
10.0106
8.40959
5.10548
18.4414
4.62372
7.71866
17.8694
6.52071
4.77425
11.2036
3.97358
9.55759
10.8302
11.8206
16.2928
12.1336
7.85689
12.6691
18.6401
6.08311
10.5445
16.2707
13.0041
10.7038
9.06661
9.7218
10.9298
5.25151
9.63871
8.11385
9.63971
11.7424
14.4824
12.0345
8.44203
3.16719
17.2028
6.33995
7.77557
9.16628
6.15296
7.64199
2.21417
9.90841
6.74806
11.2138
7.32261
5.02056
21.7957
8.24288
17.78
12.8548
6.56807
16.9852
9.03452
10.592
4.17977
12.4042
6.03266
6.50991
7.02558
9.50595
5.68769
7.25463
8.11282
4.1792
5.10089
9.77575
9.37725
1.65738
13.5847
9.22694
7.92839
6.99483
4.29887
6.16986
6.02245
14.6447
11.1106
11.9764
5.94086
11.1028
6.6251
3.74329
15.583
5.20392
11.9912
9.52972
2.74369
7.41044
3.97422
5.36884
6.27142
3.37913
3.66596
13.96
11.2464
16.8191
13.931
4.50925
8.53007
5.97337
4.12064
10.8801
26.9908
5.36644
6.10911
13.3038
9.4952
10.4896
2.54362
7.47727
10.342
9.48011
8.32039
9.311
13.9876
7.64175
9.41385
10.8837
14.6667
6.31598
5.46173
7.94909
4.47746
11.0299
5.15532
5.66244
11.2048
20.4765
5.50212
5.92453
7.58417
8.712
2.35866
6.2814
7.02762
8.87
6.19358
3.40814
4.2804
4.92185
15.7246
10.8715
7.19101
8.99893
11.2242
12.8094
9.01136
12.0571
9.96509
3.71699
3.73017
5.66532
6.82071
5.69325
6.21884
11.7962
13.1804
13.7493
20.3731
9.92789
5.65844
10.3264
9.66427
9.18817
12.1132
5.43972
10.4392
8.66783
5.85587
7.45356
4.53733
7.18382
11.9297
6.53622
5.54256
12.9641
15.0967
9.62758
19.0491
12.569
7.79515
5.82175
6.94433
4.44871
17.7151
3.91421
16.8371
8.34653
13.3026
7.83977
11.6073
8.61999
7.33825
5.78506
6.72204
6.21953
9.64341
1.81629
4.16582
4.07396
10.6923
6.22379
10.4444
21.0181
8.35319
10.3013
9.44481
11.9571
2.72396
6.95751
8.41358
7.31598
8.96718
9.11273
7.22026
12.2489
6.711
2.67469
2.96509
7.96682
7.00374
19.3003
8.7202
6.86626
13.3368
9.06272
10.2331
8.42354
7.9876
8.51019
10.2208
10.8812
14.4923
6.03858
22.3456
17.8062
6.12186
13.9229
12.9495
11.5125
14.6454
3.70347
9.43983
8.3085
11.2165
11.3999
14.9024
12.2053
14.7087
4.53583
4.80148
8.15667
11.8861
4.61701
8.99623
5.07498
11.1119
5.45629
6.79975
7.41077
9.33656
9.43118
12.5547
4.18702
9.10901
12.2204
8.47242
8.00929
14.88
8.79456
8.58608
12.6866
7.89283
13.021
10.3428
7.67807
10.4773
15.2285
9.02767
8.60905
6.44074
2.1656
10.1956
8.0024
7.81827
3.25365
8.21904
3.94525
3.81147
8.96386
14.6163
6.18382
4.54403
16.53
14.6846
9.32714
10.2915
10.4149
2.56954
11.842
9.4953
9.35151
11.4814
6.2593
15.7105
5.02231
11.6952
12.4026
6.89806
3.74118
8.39835
12.1945
6.11009
6.05022
6.26046
8.42895
4.39093
13.8217
9.81963
6.72022
5.49265
14.0632
9.21393
10.0387
14.245
3.86434
10.2115
8.93895
5.52363
6.33571
5.94313
13.323
9.65126
11.3377
9.00791
10.9384
8.33836
14.8217
5.66258
5.23301
7.93501
6.23613
3.3559
12.4367
3.55472
14.888
4.16275
5.70149
7.26552
25.7115
1.95275
12.0619
15.4805
13.4845
8.67877
4.03603
8.07024
4.31937
12.9571
5.08231
6.15901
3.96851
5.41103
3.013
11.3249
11.4379
8.15177
2.8008
10.7012
7.72407
19.7438
8.16102
7.8361
7.17158
7.41092
17.8535
4.78927
11.3521
14.8365
11.9078
6.73796
10.64
5.21704
4.59642
26.535
13.1182
14.1266
10.2713
5.57008
4.58486
10.2668
7.12126
14.66
13.0043
2.32577
14.6241
7.69866
15.5215
6.41338
9.02576
4.52297
8.07074
10.9613
17.4849
11.3521
7.73251
9.90894
6.37605
8.96075
11.334
6.48394
7.9973
4.30858
11.2491
22.9616
4.9911
5.49571
4.76449
13.1016
9.87016
5.16495
7.48013
7.40998
5.49277
13.487
5.85931
19.1927
11.1976
8.00295
12.7911
17.0749
7.26492
12.0087
5.92426
12.4441
5.75093
8.68164
4.83212
3.47615
7.69166
7.12219
8.95822
5.638
19.1461
4.26533
8.38472
5.84002
6.55477
12.1124
12.6686
9.60641
7.19047
16.1824
4.73257
14.9435
6.07997
8.30557
7.57501
9.96138
7.29109
7.54759
5.91188
7.57884
6.46121
9.60976
10.4069
12.5953
9.44464
9.36463
13.8673
9.94117
5.6451
10.1322
7.45882
13.0432
8.1452
4.93922
18.1279
10.8037
2.06532
9.43218
7.32632
9.31795
6.25566
7.14118
11.6788
2.3898
2.11256
15.2197
6.36162
5.1142
6.51211
4.98181
10.7101
7.88922
6.0882
5.08339
17.5907
6.70603
7.12926
10.6348
9.03351
2.30027
5.6385
6.68195
6.88048
10.9266
10.0065
8.80067
10.1404
8.95975
8.527
12.7992
6.36994
4.20627
9.88508
5.189
6.51408
2.72548
13.7194
7.47333
7.48074
2.93131
8.87539
5.9233
8.69529
11.957
3.39181
9.1881
7.60734
9.28836
6.94682
18.6605
7.43969
14.4273
5.41286
6.71556
6.01801
3.53045
13.0945
11.5373
3.70477
10.4449
2.66314
14.0322
16.3042
16.3918
13.5136
20.138
12.7065
12.5337
2.80681
15.3692
6.73196
6.5281
2.03936
2.20982
9.06498
13.8635
8.86966
7.9236
5.74888
15.6238
6.09642
10.8051
7.50975
10.3345
14.3286
10.7741
2.58598
11.677
10.4872
10.6148
15.2838
9.41216
5.38752
6.18813
9.74098
2.94848
9.30729
18.4283
10.8216
7.28278
7.31417
2.04483
12.9002
9.70897
6.55514
2.51573
11.8589
4.05896
6.27738
16.077
8.45671
7.29342
13.9391
6.58025
10.9435
7.19467
9.52352
7.36955
6.57317
7.75923
12.8238
9.12501
8.37051
13.7662
12.2991
9.86705
4.20562
11.2064
5.84816
18.058
7.49155
5.25663
4.13135
9.69218
14.1726
5.94053
3.49911
3.16144
3.38328
11.652
5.2945
10.6689
9.66501
12.3978
12.4497
4.81884
4.49711
8.47879
9.32067
7.25372
15.6272
6.30659
15.8379
4.8023
11.4173
9.29484
9.93074
7.94495
8.62974
13.4408
25.2174
7.83677
17.7606
6.35257
6.20288
6.83979
10.513
7.26606
10.1057
5.86269
4.87377
2.50859
19.853
7.28207
8.94244
3.51451
8.14438
13.339
5.14843
3.6271
7.56297
5.82588
9.12997
6.86792
6.85213
3.97894
8.16683
6.42496
23.1379
9.44213
5.10852
10.5431
2.02213
16.3502
8.56491
18.1609
8.77856
11.1497
3.91661
8.93454
21.257
9.83322
8.61689
5.05748
12.1256
14.1493
7.7953
11.1691
16.0545
7.73787
12.1365
3.75619
12.774
9.63845
14.1515
11.2709
3.88165
11.0325
11.1732
11.2713
10.0998
11.1092
10.2598
10.1614
3.93268
6.46882
6.82315
15.417
11.2668
13.7247
17.3014
3.03531
7.03451
5.35389
10.8382
3.64859
9.64048
12.0858
7.52442
11.0209
6.51763
9.84596
10.2054
6.86323
7.76026
2.55638
7.65918
4.82608
12.2087
3.44342
5.64502
5.73069
3.24142
4.61124
9.55022
10.4919
9.18744
3.09337
10.2619
7.44559
7.96817
6.72443
4.19516
6.22553
4.91721
12.7538
14.0948
18.4564
14.953
6.77214
9.29607
12.3551
4.11251
11.1992
8.71031
8.03789
8.92206
12.2375
14.2267
8.64636
9.10763
5.07923
15.3952
8.85479
14.3226
6.63642
2.50339
7.32913
4.98392
7.35386
5.19355
9.20302
5.36224
8.8512
4.77001
5.4511
16.253
13.7323
13.9627
4.27604
8.10794
2.39884
4.1036
16.8074
7.10462
7.39347
21.3941
5.3797
8.80739
8.81425
14.4508
3.56938
6.7698
15.106
2.41103
6.22891
3.92128
9.30911
10.7051
6.21608
5.41896
7.07342
5.18881
8.12836
15.8643
10.6591
11.7198
4.61634
19.4912
9.29822
5.97426
10.6734
6.34884
9.65721
10.0218
11.077
10.9532
15.6348
13.2229
8.29147
7.55504
12.43
5.05772
9.048
5.04037
10.3002
7.61845
11.3688
9.99226
19.8345
11.7669
6.30919
4.32278
6.88771
5.35043
7.25794
12.3283
4.64984
9.51845
6.1277
7.9453
17.2967
6.37239
7.43113
6.67958
15.8544
7.24975
5.63651
5.34039
8.81395
5.95575
6.28648
8.35257
6.31013
2.97763
2.85158
8.22125
8.73938
4.00741
6.50366
6.15348
12.0018
13.4171
4.81083
3.23044
4.98562
11.3669
5.30075
7.4026
10.5563
2.84309
12.0293
3.88066
9.84208
11.734
7.59948
5.53412
4.80623
9.44115
10.5029
3.68556
3.6404
6.82234
6.56156
12.6735
4.13753
2.8465
12.7639
15.8595
6.02965
7.23329
5.26967
5.43698
12.5311
28.12
6.25601
7.07865
11.2162
3.82917
6.70307
3.9092
5.23136
9.06416
12.7277
11.3814
6.71973
21.091
7.04493
21.9579
6.08995
5.4553
10.0478
5.83824
9.46889
13.0659
9.55279
15.016
13.7654
6.19458
6.28442
5.89134
10.1815
4.27818
9.26883
4.60639
4.81508
7.23985
6.432
5.86246
6.4867
5.18878
8.77361
8.78475
9.63198
6.0301
8.3194
4.06754
2.5777
4.08782
3.98102
4.30484
17.5444
9.53834
9.66248
5.16407
8.86133
10.2048
9.91694
8.89382
5.19171
6.14788
8.13276
10.4692
5.77648
9.21841
11.6827
7.51971
5.67984
13.4488
12.7051
7.79886
7.93464
6.0134
11.4421
3.78081
6.48459
10.3728
4.56746
6.66537
5.027
7.91216
9.06639
6.87734
8.53674
9.85396
11.9513
6.12486
9.69551
5.39347
7.5406
5.73306
12.7008
13.7118
6.61307
4.70694
8.2277
6.84922
5.67512
6.59704
9.65724
3.26659
13.4847
18.6212
8.20396
2.38262
10.2729
5.54216
7.77817
8.74677
5.91545
6.74654
2.51517
9.45906
8.32709
10.9265
9.2906
5.73017
6.31509
7.86256
7.83529
5.89513
6.21263
6.9117
18.1396
7.33202
10.8346
5.32815
6.23676
14.0017
6.33431
12.3991
8.03063
8.64237
6.39889
8.57382
9.15084
7.51172
2.89917
11.5533
6.52401
7.24326
8.575
20.2729
8.94485
7.39733
9.43741
9.85377
6.59828
11.544
9.31852
4.11473
8.6039
4.25569
15.6372
14.8343
11.8535
5.7302
6.32534
7.81342
5.85771
11.1243
15.4339
8.21055
6.37678
18.7361
7.43356
8.76747
11.635
3.04656
8.83145
14.1061
4.65741
11.9325
8.58091
6.11037
8.13538
8.20109
6.90703
5.25982
7.09677
9.42254
7.35951
15.6045
7.71731
5.21756
7.01752
7.6534
11.2239
9.25152
14.219
24.5752
6.15004
7.02673
9.39406
12.6534
13.293
4.68392
12.9126
13.9437
9.57496
7.67659
9.94097
13.1529
14.3119
8.09359
9.0057
7.83894
7.50561
10.3538
8.41721
7.53573
4.27822
13.5772
8.14721
7.32988
2.32375
1.97388
9.13686
4.18182
5.57075
7.20476
5.94048
5.15628
9.59136
12.4828
7.8221
9.39134
6.77684
9.06217
7.79298
12.7502
6.87071
3.93422
7.9748
4.86777
9.95661
11.6825
6.71669
9.1069
5.784
8.32472
6.53333
14.6171
9.29519
3.78027
5.728
5.48026
8.94563
7.50527
9.45258
7.61879
5.5473
3.54942
6.84652
8.50611
22.1935
6.55242
9.47016
23.4441
8.2426
11.0223
16.6582
8.19355
6.79499
12.4611
2.59105
10.5066
21.8035
10.864
18.2646
13.6819
4.47144
4.4804
16.4382
12.3065
10.6354
14.0575
10.4723
14.2024
3.7577
7.74106
4.76505
7.66575
7.78519
16.5514
8.31051
5.92448
8.89995
14.7785
2.27512
10.2506
6.7325
5.38586
4.02864
9.7384
5.05329
11.7284
7.1542
15.7904
5.50512
5.33944
9.10897
6.09667
5.71221
6.40339
15.5721
6.82148
5.69805
13.5219
15.3753
7.26607
2.74346
6.76606
12.1513
14.4958
6.06454
7.24473
8.15627
6.20601
3.59876
5.9397
14.7757
8.88251
5.78878
10.3313
7.32677
6.58216
4.6678
6.65059
7.55256
10.417
11.3898
9.1332
3.51128
8.12807
16.8055
8.94907
3.51777
29.7997
9.42382
8.68648
6.62986
9.596
11.0085
4.4268
8.88976
15.3282
7.52204
6.66804
11.3406
10.5769
4.42526
11.0389
6.80203
3.94918
7.33756
6.47017
5.87517
10.843
10.2044
4.8817
5.60316
13.4981
8.71326
10.3614
12.5074
10.8599
5.45516
8.2395
7.0244
9.39753
10.0703
10.7375
8.56028
5.50716
13.2276
2.40547
8.11849
13.9576
14.7022
3.40609
7.05846
8.3785
5.60653
13.151
9.29972
6.40213
5.36322
10.1301
10.8341
3.86903
5.71436
8.9211
12.7033
11.5974
4.0751
4.45064
6.12069
3.40084
8.10375
10.1076
9.17272
5.47001
15.9607
9.75939
8.19618
1.74218
7.90759
10.3093
3.10884
4.9652
8.55461
7.41401
5.40172
5.94067
6.57632
9.90183
9.28795
6.20996
7.67731
9.06264
4.78221
8.72846
12.9622
13.1537
7.73223
3.07473
5.49037
20.0293
13.2838
9.05648
14.6596
5.87652
4.37428
5.24148
8.83555
21.9502
16.5074
4.16174
10.299
4.47198
8.99733
12.707
9.6291
5.94674
10.7874
6.48099
14.8692
8.32739
10.3802
10.0118
7.12613
4.30581
10.5932
8.82033
6.52491
4.5115
14.6421
8.37797
8.06139
9.62102
13.0978
10.0009
8.15649
7.29799
10.2426
12.7558
4.70462
9.21571
7.26436
3.67153
13.2681
6.67331
17.2978
6.68126
12.129
7.65528
2.09759
9.30498
2.83183
11.3523
13.5805
7.78544
10.9382
4.23731
8.3699
11.9305
5.77621
8.8191
9.45894
6.30854
4.62064
4.89133
5.54176
5.13102
6.99092
5.34961
15.358
7.37932
5.83842
9.28446
18.3547
16.6955
11.216
8.02262
13.6251
6.00557
11.9887
4.7634
5.20805
11.9817
13.0186
12.022
7.9066
3.68616
8.34001
10.3746
8.6291
11.8438
10.8967
6.15458
9.5956
11.1962
6.86617
5.5463
8.81101
7.74724
10.9136
9.01893
5.75017
11.4117
10.7446
10.9022
11.3841
4.72217
3.58857
5.70234
10.0303
13.2636
4.81711
11.5541
4.29471
7.06383
10.0891
5.95865
5.11979
26.7264
4.33532
8.45264
3.19635
15.914
11.7914
11.9351
9.88771
11.2456
9.74592
6.65192
11.4454
15.3488
12.2326
7.77261
4.87211
8.79096
12.3215
9.0254
12.3339
10.2364
4.99377
9.84842
6.05398
10.8178
7.88561
2.98752
7.56229
5.84216
8.34937
6.05557
6.65979
7.34138
6.09323
9.47694
16.1418
11.4042
6.90223
9.64257
15.9084
7.37232
9.28141
9.36063
7.66513
18.5028
1.46073
7.18076
10.2565
12.1905
8.23886
7.24947
5.60173
10.7667
9.69118
4.74316
7.16038
12.8324
9.28874
7.50667
6.01664
3.90176
4.71148
10.9052
15.2515
8.70193
4.84292
7.28637
7.44888
3.44845
3.13013
11.6424
6.40133
5.79285
3.23771
10.6593
3.86768
10.7384
8.03074
3.60715
8.75456
14.6549
2.66339
8.12315
9.17092
5.37753
13.1598
3.75054
8.69222
6.35024
10.3775
9.21391
13.8727
14.2988
7.23863
9.15918
9.03944
7.13023
12.6171
5.30612
8.79032
3.61763
13.2606
6.08871
17.9531
9.40897
12.4629
7.59857
15.1626
12.0675
8.28642
5.72272
8.25854
14.1309
8.75205
7.05269
7.347
8.8462
16.5226
7.53738
11.3847
8.42643
8.38081
6.42216
4.73539
7.16498
11.2286
16.4789
13.7858
12.8476
10.1871
15.0065
2.86124
10.4079
8.01909
15.7101
2.30481
13.4299
8.55582
5.33248
11.5826
7.13086
6.28356
9.09215
7.47315
5.99876
16.2629
4.60284
9.06433
9.20155
13.608
10.9427
2.85944
6.11608
6.15151
3.75288
12.4613
7.15045
13.8545
8.60896
4.79452
7.97171
8.23319
21.4143
5.62204
5.88897
6.94269
4.07858
8.12094
12.4922
5.99986
13.1207
9.55737
7.91687
9.27575
5.0762
7.298
5.50109
11.7788
11.7941
4.59486
6.18834
9.21572
6.48311
6.68985
8.6394
11.2422
6.44997
2.65853
4.97094
14.6085
12.4372
9.54392
8.15035
8.93167
7.39076
7.68076
8.48279
6.47922
13.3811
8.23396
17.8841
15.1165
4.42872
6.24045
14.4281
7.26813
9.61455
10.8152
3.03557
15.3655
10.3424
7.96528
4.3208
11.3522
1.43067
13.4194
4.75827
1.54418
5.45727
7.83349
18.9169
8.28571
9.69884
5.51049
10.7798
6.10514
8.77187
10.1728
8.06842
12.4946
12.4786
5.92326
10.1222
10.0468
8.00319
8.15005
5.3463
4.41081
10.6223
9.70757
13.4949
6.75173
10.3586
4.58922
9.06678
14.7902
9.9461
7.02784
9.91665
5.14675
17.5344
12.9786
6.22526
8.04895
12.4948
12.3509
10.0884
7.29009
11.1461
6.28544
3.63334
8.0326
5.5263
7.1729
8.34751
9.83563
13.3268
3.90171
9.61726
13.7552
4.39789
10.821
4.35372
14.1557
4.07603
10.1952
11.1036
9.7814
18.2697
4.25122
7.83034
3.23839
21.837
10.8981
12.525
13.5332
4.65823
6.42622
6.88292
16.2162
13.8314
6.5725
19.1419
2.73617
8.87446
2.34
12.6122
15.1797
7.19187
5.49545
11.2809
11.9813
10.233
20.6046
6.23561
4.03518
8.17889
4.9137
8.9682
10.4514
7.90801
4.72212
8.41233
4.34637
13.4959
13.0126
8.71727
12.6527
23.0704
7.41159
11.216
9.52071
8.77557
8.38972
6.9125
11.6876
7.40648
14.0977
19.4467
10.2193
16.0486
7.32249
6.59269
8.88679
9.20717
5.02162
9.3143
5.41732
17.9067
9.94423
10.0607
4.90944
10.4444
10.5189
11.3864
7.64673
16.2942
6.87237
7.36857
10.2806
6.13595
4.87867
12.375
22.8033
4.43996
9.79638
1.75975
1.87221
9.31391
10.9045
9.91128
5.04682
12.135
6.64565
15.7974
6.80238
10.6198
9.84202
9.66448
12.9
7.97302
6.52607
3.24777
10.4183
13.3597
4.66555
9.65603
14.6691
8.94895
2.6341
8.42579
7.30491
7.44216
8.60306
4.98588
3.90144
8.64969
6.23907
7.02306
14.8513
14.382
6.25715
12.3106
4.74316
4.05933
7.28228
4.82051
8.36005
5.50638
7.31155
5.23487
13.4165
20.2149
9.93429
6.44538
22.6913
2.58877
5.78204
4.55659
5.91517
9.5101
7.4755
7.30304
3.40328
16.3201
6.01309
4.07779
2.35909
11.463
6.98089
4.6637
4.72714
11.1692
8.01943
9.86996
7.56481
8.29363
2.3643
12.7799
13.8433
8.91577
9.15091
12.9173
4.16621
13.1224
16.9362
8.98415
9.94733
11.2275
5.02791
11.437
21.3084
5.54265
8.01759
7.9511
12.17
6.68274
13.0612
20.9055
11.3741
18.0002
17.9219
9.38853
11.3269
4.12775
5.47714
7.02695
5.20946
11.1558
3.22957
15.7045
9.1454
22.0697
4.83141
11.3472
12.8605
11.0357
18.9872
15.168
9.99944
16.1724
18.5989
15.7098
18.8672
6.14448
10.4913
5.52466
9.13072
6.863
4.2644
7.25458
12.2948
4.68862
5.11827
6.12818
