110.702
123.971
89.0166
93.2051
101.938
101.294
96.0664
101.831
110.647
103.448
120.553
104.824
94.3516
91.1142
98.893
95.2223
100.229
104.348
123.733
93.5389
99.0226
102.677
94.7519
111.193
94.2542
109.615
122.734
95.5454
99.3797
102.901
89.4275
95.09
114.743
115.862
106.931
123.518
100.82
103.022
96.7541
93.8294
95.9662
99.3606
79.8502
86.9555
84.0266
99.9044
105.261
94.2157
103.329
95.5443
117.283
113.205
97.8574
100.258
83.6277
120.382
103.687
110.421
114.592
125.291
100.448
115.496
89.4363
117.886
141.962
84.6122
86.2843
121.749
106.884
107.537
100.925
94.5845
120.692
82.1933
128.965
103.403
111.619
87.8362
96.8507
93.2117
99.2361
118.958
100.987
126.294
87.1732
93.4078
117.52
84.2349
84.2147
98.1201
112.985
114.797
130.33
93.6687
103.455
98.7963
118.728
98.9059
130.078
103.89
107.023
112.9
120.943
113.138
74.2559
90.6819
107.255
97.4031
105.303
90.5597
98.0407
85.111
98.0724
111.696
91.2517
111.965
84.4412
86.3623
95.0578
85.6426
115.613
111.019
103.88
78.7799
109.989
112.949
66.1049
95.8942
115.585
105.833
81.7514
106.061
90.0888
106.722
128.22
91.4024
79.9436
97.979
100.396
109.253
76.542
113.785
105.724
105.024
118.224
95.6233
125.671
110.534
69.3637
91.1872
82.0744
100.974
79.3088
103.15
95.0717
107.344
92.1323
99.4668
94.7187
105.541
90.6426
81.0314
109.875
112.266
101.733
85.9014
113.638
118.69
135.476
85.32
105.25
101.718
108.624
98.2603
120.018
94.3939
133.923
116.068
111.885
109.344
105.857
104.852
100.312
112.483
108.833
111.836
85.1239
110.277
77.3005
84.2142
91.483
91.0872
104.552
113.838
100.455
109.352
82.0042
98.6322
91.1835
107.193
114.011
104.901
105.447
107.456
99.3697
98.2056
94.5177
125.838
98.7025
113.161
85.082
88.5228
104.698
66.3852
118.713
77.5934
103.695
79.1075
85.2012
97.2621
100.474
100.574
90.517
87.4285
104.472
95.4605
77.8655
126.581
90.9342
96.5849
90.3368
85.0937
97.5581
101.335
84.0491
86.8305
91.1764
118.033
105.065
92.658
87.896
93.6037
105.322
99.3486
71.429
139.276
88.7487
88.0718
103.301
88.117
84.928
99.4455
110.457
109.168
96.5443
100.637
110.522
122.364
125.93
78.724
102.729
88.3108
121.671
88.7652
95.7919
82.259
99.2233
81.1178
80.2976
82.6911
110.072
85.2678
91.5106
110.332
97.8254
86.178
106.173
97.7798
91.9998
80.3416
104.247
82.7917
86.6452
124.129
81.4571
87.1008
96.8141
104.732
86.6859
110.559
103.618
109.587
91.2746
96.7657
93.0186
101.308
107.484
99.1286
82.0627
126.035
85.9769
96.4653
94.0306
69.5331
94.0688
83.6867
85.2843
104.217
107.375
88.0074
118.922
102.59
107.183
120.857
89.8028
109.927
109.673
79.1514
97.8727
79.4122
93.3399
108.785
138.903
89.4434
90.4503
107.831
108.873
122.529
93.135
86.7841
87.4612
100.059
86.595
110.378
86.8534
107.952
101.33
90.4935
96.2165
95.5104
110.466
92.3247
82.6651
111.012
89.5165
117.52
103.897
111.529
106.531
95.1862
94.6503
88.2113
81.5132
99.9205
124.772
95.1871
73.5693
58.6907
98.2507
107.593
121.361
104.579
90.1904
92.4672
93.8337
124.1
109.403
117.642
85.5982
89.1678
80.5396
98.7691
99.2796
99.8718
81.4646
103.799
106.305
106.17
90.4376
108.792
109.328
102.637
119.779
117.855
101.011
85.7522
114.849
109.411
114.108
65.7725
89.8764
91.7812
85.1774
119.826
98.696
81.8867
100.502
102.071
77.1233
105.389
114.083
81.1973
105.535
118.005
107.389
85.721
85.969
81.212
85.2706
89.0098
99.6072
96.5224
77.3759
110.162
92.3043
94.4656
130.175
95.6948
83.9784
80.0023
97.1262
108.754
95.7527
117.245
101.465
78.1637
92.3111
102.156
112.512
76.0599
118.711
113.433
92.4511
104.214
89.7832
114.758
118.384
89.3222
126.569
90.9285
86.5501
128.053
100.954
95.334
81.0503
82.3981
96.3162
93.5374
104.804
100.692
114.593
101.58
103.146
104.51
94.8959
79.0392
75.1524
123.741
94.7912
91.5226
72.3312
83.5724
93.3467
84.615
105.534
94.1227
83.167
123.904
81.4432
91.2653
99.2118
94.7794
111.051
100.429
76.2524
94.464
98.3528
82.2833
96.1641
106.3
113.151
109.779
106.553
107.213
91.3218
96.5238
144.139
114.418
125.641
103.704
84.0221
91.397
94.6754
104.247
122.019
119.247
98.6569
109.358
99.4357
79.0755
86.0575
77.1537
91.6107
111.537
60.5618
105.827
97.1887
114.606
106.569
110.503
114.4
106.348
121.918
88.1312
99.0547
96.5457
129.681
73.672
123.934
100.027
114.957
99.3126
101.381
115.979
96.1808
90.6967
75.5722
107.751
108.936
90.0615
103.199
114.013
104.33
104.11
108.187
95.7061
92.4467
106.732
135.387
96.1606
101.401
120.845
93.0113
129.373
97.2314
81.3387
112.516
88.4098
119.216
89.6302
126.787
123.807
112.866
101.824
93.5132
98.1044
101.303
120.893
89.0048
95.4638
84.8525
84.3406
113.704
100.971
86.6367
84.136
88.449
85.0351
109.721
87.598
104.479
100.497
85.4356
123.258
100.235
104.502
122.367
93.5237
106.83
119.203
95.7165
104.658
118.148
115.88
109.296
131.812
112.569
82.7086
107.565
103.834
90.4715
95.9336
72.3472
89.0199
89.1379
115.951
81.7326
95.5035
114.256
117.298
118.868
76.8636
97.4655
104.966
99.7772
115.042
113.112
122.589
84.5888
113.511
104.119
96.2294
74.4581
100.289
97.7058
88.5876
104.227
91.1896
97.1455
75.229
89.4271
96.5296
90.5498
91.6796
100.173
89.9918
102.402
92.0428
100.734
101.926
116.74
117.361
103.226
85.1139
105.35
96.2275
86.7231
86.5518
103.656
117.612
94.7804
92.2759
87.2022
104.921
124.814
107.451
116.156
95.8353
106.696
94.1964
106.037
88.912
116.989
105.35
107.155
111.533
101.783
110.94
93.3302
105.843
93.2855
89.0078
79.3161
115.495
89.0505
119.107
98.779
108.085
97.7966
98.4151
111.567
110.975
93.2582
86.2669
104.342
86.912
88.4038
90.4407
108.046
107.57
108.883
76.717
78.577
82.6067
94.4718
95.5258
101.422
102.215
114.129
88.0606
104.05
100.719
97.6514
116.51
62.0829
97.9631
106.856
71.7581
106.063
120.257
92.5996
94.3138
110.398
90.4714
104.252
104.87
94.4884
89.1458
78.0281
99.4894
85.8783
100.11
107.883
115.317
103.567
106.926
93.2468
98.6538
92.6979
78.7977
100.544
98.2328
98.8486
108.499
128.593
85.0443
111.734
130.682
93.6593
90.743
87.4104
80.8492
104.53
132.821
93.6514
98.0403
104.008
85.4379
84.4266
78.4839
96.6357
78.5891
102.358
112.542
86.6795
98.5307
102.75
76.9483
129.311
133.85
77.6908
78.0198
80.9359
90.7769
112.1
87.4404
90.1072
118.076
112.097
84.199
105.302
93.9622
102.689
99.5172
92.1839
117.164
89.6235
93.588
99.9127
127.272
109.529
121.709
99.6545
112.505
126.772
89.8576
72.7427
110.753
95.9971
92.3143
86.4019
108.719
79.9511
87.5944
92.5555
89.6872
116.071
84.2236
101.376
96.5059
97.8012
87.3186
92.3851
90.8804
101.767
100.774
122.695
73.4887
73.2514
101.989
106.381
78.0246
90.8943
102.095
92.9957
115.802
83.1702
100.806
88.8471
97.5536
111.811
78.4765
113.308
83.9928
89.7414
95.2009
92.4879
100.746
84.8831
102.104
86.0339
95.72
97.4158
79.0293
87.7043
103.839
103.725
122.188
92.9465
98.0477
104.466
113.499
121.51
96.3587
97.7075
106.771
84.5892
85.9165
108.004
117.347
89.7659
85.9563
93.4314
91.4735
103.009
94.424
108.896
118.921
90.709
102.148
111.476
78.3363
116.151
104.05
104.421
101.764
91.9721
118.38
94.2585
91.8687
88.32
124.488
92.5107
91.9942
94.4465
101.74
122.258
91.5789
102.202
82.6067
74.3374
96.8966
85.5521
119.683
85.8223
93.7597
106.501
106.272
107.152
101.567
98.7842
104.722
130.664
87.0648
111.176
112.329
88.5136
104.917
87.7019
80.8703
104.492
91.2938
76.3082
107.361
106.262
100.83
127.754
121.517
87.3968
109.192
125.051
98.9851
90.3787
109.297
110.211
101.724
71.1162
84.1375
114.238
110.92
108.108
128.766
101.889
76.2179
93.4414
76.434
105.448
84.7338
89.4596
109.195
88.6176
90.2255
97.5181
76.4355
112.226
124.836
93.8171
88.7991
94.076
93.5888
87.0019
113.009
111.915
85.8812
83.2042
78.8102
98.7344
97.5033
112.04
125.205
96.3712
94.5462
116.759
78.3118
97.7223
126.352
86.8857
99.1397
91.7286
112.428
80.5709
123.206
92.2391
75.7126
116.497
104.986
106.054
89.1107
87.9584
112.005
109.956
108.237
113.595
106.575
96.2879
101.103
90.3437
100.912
93.3997
112.836
83.1296
110.377
97.9507
87.6325
111.903
104.264
103.365
102.023
91.7901
105.382
84.0448
117.156
105.32
105.642
94.6469
79.235
96.1782
94.8485
80.718
106.142
114.083
89.8083
129.5
83.0855
127.922
73.6623
104.82
110.132
125.593
81.6795
86.4379
94.8277
97.1913
102
117.442
94.5557
118.851
118.554
91.7144
81.9308
101.539
112.426
107.174
109.385
100.878
108.568
105.793
87.4195
79.6204
111.264
91.0925
122.459
86.5407
91.7592
92.599
126.168
101.279
101.368
94.1437
92.7687
92.5587
100.565
85.5233
104.25
84.492
103.974
95.7831
112.793
89.9798
106.467
96.8262
85.4082
110.985
105.443
87.9154
109.04
77.8027
126.934
90.3215
95.532
84.6116
104.73
82.5608
92.628
86.956
97.1592
113.908
87.0893
107.428
92.2814
87.5665
115.68
81.5881
109.635
106.839
97.4841
107.984
138.03
106.123
91.3497
96.732
84.5898
77.6909
116.411
79.89
125.964
82.2557
94.5729
129.598
97.164
84.1283
102.152
109.49
128.064
134.12
108.24
109.144
103.558
110.807
102.591
84.0054
101.379
75.7827
97.9769
100.63
93.6977
114.002
104.655
111.576
109.482
87.5058
97.0621
97.6924
96.6784
89.0449
95.1875
84.267
97.782
92.6806
86.2553
76.9134
71.9027
88.0124
88.0999
98.5393
110.057
106.925
94.1765
119.933
116.067
108.932
118.48
107.537
107.159
93.2837
99.8542
85.3016
115.896
98.3477
92.2747
103.386
93.0501
91.0566
69.4115
105.672
97.3329
107.203
106.822
95.4082
105.843
93.9969
71.2939
79.163
116.21
131.549
105.348
105.141
103.533
99.9755
113.786
94.3638
104.819
95.2414
119.589
78.1654
88.7211
95.3179
114.658
91.21
78.4671
100.513
101.457
102.888
75.4311
84.9696
99.4349
98.2993
94.5623
87.6961
101.524
81.0813
105.172
103.408
117.346
99.4273
101.243
110.634
80.5761
84.8251
96.9448
90.959
87.5833
119.446
118.045
82.5268
120.977
83.6535
97.7579
101.645
128.731
96.6367
118.074
102.607
88.6452
124.468
89.3238
118.732
105.584
105.914
114.779
108.718
104.557
99.5779
109.474
111.371
99.3639
118.882
97.1638
103.244
86.253
89.4722
97.5976
111.336
134.06
99.2031
113.84
95.5165
101.216
94.9249
88.8064
92.8575
89.477
118.227
93.754
125.204
93.4453
90.4247
92.8323
111.915
87.0418
92.9475
100.326
100.23
123.206
99.5845
117.26
118.136
127.304
88.8268
113.517
105.393
89.321
101.03
78.0415
106.408
85.9739
88.4873
112.779
86.2183
102.545
110.841
78.5593
102.199
108.272
99.5536
77.3845
105.46
101.701
94.6233
98.1056
98.3322
101.61
69.79
105.868
106.603
99.7786
89.4292
86.6346
68.55
98.2068
91.9537
96.5156
110.742
90.0597
101.386
99.4411
88.3779
98.165
91.7159
81.2895
80.388
98.369
104.238
103.423
105.475
113.277
80.9202
104.122
95.0542
113.684
114.707
104.638
100.312
83.4282
85.9483
108.581
106.907
130.054
112.725
97.7718
118.232
103.411
85.7268
87.5091
124.103
97.401
101.886
103.367
106.179
103.069
114.358
122.379
117.271
97.4742
75.0894
94.9109
87.9494
107.183
108.903
82.4525
118.095
102.524
112.544
88.7066
110.324
84.939
115.607
84.5334
93.4016
83.57
105.891
107.324
116.999
91.5344
90.523
89.4367
113.706
85.0599
86.0856
100.514
97.5959
123.147
76.8072
101.926
76.7998
114.337
98.1005
81.773
97.0655
94.3028
93.1324
93.9301
120.35
91.7917
91.6157
115.679
100.838
91.1672
126.177
98.2052
114.467
120.495
96.7304
90.0679
108.018
108.516
93.7289
115.495
89.9643
96.8389
98.1565
107.892
100.732
103.546
103.298
107.85
79.8616
109.893
102.539
93.1927
88.6475
103.07
92.4635
79.8435
118.445
105.551
93.873
104.676
98.7226
90.2234
100.828
117.76
98.5607
87.8414
75.9066
102.651
112.082
94.7324
118.869
101.625
129.76
93.4055
85.3867
99.3733
93.1204
97.5281
94.1536
118.983
108.998
102.792
100.37
85.2257
113.653
95.0417
82.7286
89.688
120.875
94.108
126.95
98.0539
97.6333
85.1106
94.0478
130.743
110.001
117.241
98.4321
101.14
104.164
100.176
108.004
72.5991
88.7973
106.254
85.026
117.504
101.073
94.7078
67.6683
106.368
101.957
108.936
104.099
97.3177
101.409
80.535
118.068
114.381
76.7223
94.4962
98.5858
110.999
108.735
91.7984
83.4684
81.209
100.801
93.0617
67.8994
103.037
114.658
78.3356
99.0653
99.3666
133.769
101.018
84.5384
94.4696
112.084
77.4975
100.749
86.525
109.829
79.1623
89.701
114.286
109.348
104.593
96.3542
125.511
83.3708
97.2124
110.82
109.096
74.192
100.174
84.2249
74.1006
102.186
108.392
107.187
92.4152
105.521
86.968
98.2399
86.877
110.093
127.79
66.34
101.47
105.976
100.221
115.716
90.666
98.0798
90.8642
103.199
91.349
108.167
101.8
122.35
69.8934
116.432
108.063
95.7737
96.7525
91.5479
92.2518
102.629
99.7461
66.4367
110.727
99.0753
94.034
100.472
91.2673
73.8832
104.051
84.626
84.6146
105.192
97.0203
84.0055
108.227
105.524
107.1
100.178
99.0161
123.027
76.4781
94.221
115.206
118.281
92.4612
71.7711
103.192
129.686
82.3933
155.683
106.833
105.166
111.52
97.6824
114.513
114.65
109.59
114.038
104.982
174.085
99.0325
97.7424
97.1768
100.591
97.7812
96.6815
102.653
105.11
81.0719
104.953
85.839
106.325
99.1415
87.5181
97.4567
90.4656
71.5016
89.7833
105.069
124.157
100.558
72.5448
81.4783
101.689
88.7846
103.481
96.9628
86.9998
136.022
111.812
75.7226
98.3577
116.25
90.218
99.8109
89.117
117.036
113.671
96.3915
103.324
91.8193
132.945
75.167
110.664
111.79
96.4844
106.046
98.2873
123.641
89.1845
87.9423
106.39
92.6522
101.993
83.0726
77.3235
97.5717
86.613
103.059
104.54
117.494
100.136
88.2261
89.1017
86.6841
114.819
100.719
131.111
98.5469
107.152
101.718
107.026
98.1605
97.1517
138.628
111.606
102.54
92.9074
88.3923
124.186
89.1799
98.0383
87.7116
105.319
101.905
103.641
73.4176
86.9024
98.9839
100.659
99.0365
113.169
104.964
103.634
85.0676
110.388
115.875
120.589
105.175
105.863
86.7335
72.0299
91.3863
118.966
104.958
109.64
107.446
94.5799
86.9332
89.2868
107.676
108.791
115.674
88.6269
110.492
97.7198
90.9407
77.7584
98.6431
109.404
112.148
101.917
118.704
108.101
105.868
94.1756
108.781
114.685
90.816
96.0248
100.176
94.1819
99.1708
106.567
93.9883
96.6145
108.986
88.7412
114.573
109.718
122.3
102.8
109.214
119.468
110.762
115.072
79.4902
108.932
113.702
93.038
81.3133
97.9741
82.2307
97.3061
102.754
95.3068
121.067
89.0601
96.1079
98.7596
93.1124
115.42
92.9888
88.8664
99.4474
87.3012
115.493
91.4525
88.3087
87.521
92.0726
74.3667
105.359
108.907
100.391
87.271
96.7439
86.7743
121.102
99.302
89.3483
128.504
86.7318
87.1749
123.932
104.506
97.0201
102.041
96.396
84.8291
115.287
96.6135
81.8947
103.643
96.7772
93.1385
98.6099
73.5785
117.102
109.256
97.6919
124.92
94.3257
84.2388
99.5319
101.801
110.093
103.813
85.7209
93.2134
110.258
90.7775
91.7248
105.692
79.584
108.975
111.373
128.913
111.26
121.481
110.549
123.988
109.439
119.048
108.72
101.404
93.233
81.7757
109.81
79.7822
104.471
100.193
93.1401
117.075
85.377
102.01
99.0366
104.965
99.4148
83.5709
79.974
91.2156
141.464
106.911
104.784
85.8304
109.989
113.074
108.924
85.6501
109.303
92.3449
91.7963
106.374
82.6486
110.878
119.213
106.952
79.9545
128.299
128.687
86.7794
94.2565
109.782
100.53
86.0531
115.494
139.628
124.807
92.8832
104.63
114.529
71.7206
91.7671
86.6868
121.661
118.912
64.5539
103.508
130.431
79.9137
102.966
121.323
101.175
74.7104
120.865
104.043
125.722
88.5514
116.721
73.7217
92.611
93.2368
100.968
87.3187
115.64
119.776
96.1726
86.5546
101.36
120.519
93.5768
85.4109
72.2393
82.5749
88.9327
102.969
95.6372
108.459
104.577
100.232
99.4811
85.9434
114.102
103.038
103.614
118.038
120.026
111.05
105.184
90.1389
94.0886
121.68
103.865
119.286
121.627
100.241
87.379
103.146
131.398
96.8466
88.1985
113.676
121.887
89.6164
119.999
69.0597
77.0053
100.179
114.684
105.952
73.3462
94.5292
92.359
104.972
95.8036
105.866
97.3799
106.54
115.921
92.5862
88.907
89.9608
122.56
105.532
127.354
119.256
115.867
85.5171
117.724
89.2807
77.5283
98.3366
106.855
115.115
121.504
114.264
91.2454
85.3299
100.512
99.5758
100.977
109.982
115.278
101.569
116.295
140.897
92.7851
104.108
87.8351
99.5379
64.3718
102.346
105.731
110.146
102.589
95.3696
69.3836
83.9154
86.9996
114.166
124.71
91.2343
77.0592
86.6846
98.5657
92.925
106.137
123.831
92.3046
92.0849
104.907
106.12
110.801
120.012
101.922
87.8864
121.782
94.2424
97.4941
114.042
96.6851
131.162
97.2954
99.5768
115.956
92.603
110.291
97.0668
96.909
106.001
117.911
100.478
126.96
118.158
109.518
130.189
103.208
83.9582
114.245
123.043
91.8593
94.3167
92.9655
105.245
92.3792
106.831
103.798
116.744
77.4102
124.289
88.4654
93.5971
103.023
126.368
105.24
102.375
121.502
113.098
85.7827
83.8067
94.2573
90.4778
96.1403
107.946
100.742
96.0319
93.4122
106.065
117.676
102.711
120.096
91.5606
105.243
91.0031
111.238
111.138
117.212
76.7214
95.7454
116.028
118.388
100.755
110.689
130.632
80.4508
91.9414
100.956
116.088
131.395
94.4087
97.0053
98.6705
116.874
93.0592
140.821
116.637
93.0908
85.9282
99.6462
94.8538
102.927
97.655
92.4008
105.516
123.181
89.1955
126.502
90.5769
90.7275
93.0239
111.356
78.4858
117.601
122.098
92.1882
90.386
100.151
98.4951
103.477
121.919
117.274
106.168
101.991
102.005
83.108
96.3496
107.394
103.873
113.061
93.1221
110.84
90.3823
90.998
104.2
103.922
67.9481
110.196
123.151
103.633
91.1134
75.0935
110.077
105.817
116.243
98.9028
100.619
106.144
80.004
93.7353
76.2172
103.932
94.1518
87.2886
86.604
105.79
106.486
85.1688
86.6213
100.052
112.486
104.912
98.1194
104.797
92.5469
104.236
104.66
113.315
107.434
107.838
92.9713
101.976
88.0752
109.252
96.1567
119.039
104.383
108.26
108.159
120.154
84.3017
91.7636
89.1065
106.479
93.5395
99.1892
100.731
114.258
101.446
99.7818
92.7134
113.039
114.829
105.09
87.3926
115.566
93.8194
113.527
94.555
92.737
86.2922
118.183
105.085
89.3146
78.9972
91.1804
98.2582
99.8
86.5111
89.3774
96.8741
107.722
95.6615
107.07
88.0624
103.516
105.633
128.667
83.9116
96.5564
120.758
66.6264
93.5146
103.947
99.1137
99.8646
98.69
118.188
98.6909
104.354
89.7619
118.403
96.5752
81.4774
106.73
108.653
78.7077
77.7153
97.6753
98.666
108.137
104.017
104.036
112.571
134.408
94.9352
87.5916
122.079
89.8779
108.847
89.381
89.8865
87.2903
90.704
99.9185
100.511
102.619
103.98
142.138
71.5155
87.8358
70.1036
129.15
123.055
85.5758
100.298
103.403
65.3747
75.646
97.6747
93.0839
121.067
116.14
82.7624
107.639
107.723
96.4451
137.919
99.9325
85.6457
103.442
127.444
94.9514
118.322
78.6592
97.1086
110.083
71.9554
95.4954
75.3795
128.391
113.214
81.6461
88.8818
112.651
109.535
121.861
110.443
103.616
94.4102
89.9419
99.3343
126.72
110.251
117.214
85.834
113.092
106.319
70.4485
108.379
84.0962
125.659
114.419
105.227
91.8996
109.328
96.9562
101.584
105.498
94.7532
83.4707
105.903
96.6302
88.6637
82.9133
108.458
109.766
97.5121
100.19
104.456
114.764
112.188
104.384
92.4445
101.316
90.954
102.777
76.2987
113.229
101.744
99.8724
94.4929
84.5609
95.4474
92.6639
88.7419
75.8436
118.896
118.594
88.7767
102.362
101.211
92.2134
110.895
107.303
79.5652
106.582
124.938
78.6698
104.026
114.656
120.441
93.1583
89.7882
85.1745
109.479
120.836
122.678
96.3559
79.3447
128.202
96.0284
99.7797
150.546
112.032
113.271
103.872
84.8465
111.818
90.4642
111.115
76.9291
104.878
72.1646
108.13
77.941
88.0579
93.0095
87.3346
100.564
93.2748
78.3106
99.2819
79.8411
127.661
107.525
96.2215
107.202
107.445
116.86
105.973
87.7703
99.7337
100.331
119.542
87.0676
131.491
120.308
78.1889
115.331
114.456
112.297
102.773
108.659
105.627
98.7342
92.1958
113.151
100.999
96.5314
107.179
100.682
91.7461
122.064
120.516
75.9415
91.0977
93.0437
111.432
92.4754
82.596
102.598
98.0353
96.0617
114.314
84.6436
105.258
94.3286
86.3907
104.127
104.143
84.232
117.678
97.9699
127.924
113.292
118.472
121.256
74.7731
94.7793
121.912
89.02
100.271
89.1949
99.8714
82.5277
71.6009
80.268
92.9745
75.0208
93.2515
84.7493
85.3181
93.6188
83.626
87.0782
108.8
87.8259
123.574
96.6615
105.57
89.8017
79.2912
96.3469
75.1629
121.676
116.529
98.757
104.368
109.312
120.57
98.0033
125.064
81.7513
83.8057
103.839
96.8988
108.687
89.3278
116.56
129.851
132.062
95.8973
88.4714
96.4136
95.0796
109.697
103.968
94.5045
76.5969
119.06
90.6622
99.9183
102.855
119.474
105.744
92.9753
81.6682
60.6928
89.3529
109.669
104.159
89.1429
121.312
82.6469
72.8742
105.742
105.782
76.5821
112.092
86.9466
89.7455
101.304
87.3771
92.4773
128.94
112.988
105.565
122.636
96.2689
106.704
102.003
95.9106
94.5738
111.369
111.437
114.089
105.864
116.63
92.7518
90.4728
95.4695
80.1714
87.2447
112.468
99.21
88.7765
104.971
83.9032
121.525
104.513
82.6619
86.2043
109.528
86.238
116.871
86.0983
103.343
92.0864
109.012
90.8374
98.6939
93.3643
80.0559
81.2329
101.995
101.461
83.7721
117.312
98.7311
107.512
122.535
96.1593
77.3105
81.2159
87.759
96.1423
99.5458
101.43
97.3036
89.6108
78.7289
107.001
120.539
91.7796
92.1712
116.125
119.014
109.486
104.708
88.7956
95.683
82.2399
99.5561
129.649
94.8522
98.495
101.383
103.49
103.953
88.0181
132.813
136.96
103.007
102.954
56.7814
102.569
80.6285
123.778
88.2837
108.112
117.669
103.269
97.6515
113.674
136.45
98.1533
108.59
102.994
92.5921
103.326
113.705
106.324
77.4096
98.9279
121.807
102.183
89.0896
107.355
99.1394
81.3851
78.1916
93.0025
95.6577
122.351
109.588
108.037
89.8264
90.4978
89.2437
79.166
107.465
72.6236
105.651
82.6064
83.6513
86.5575
102.506
105.362
100.912
93.5441
98.6313
102.707
108.781
106.205
98.9782
100.987
87.449
85.4309
85.5659
90.4222
114.399
96.6964
116.657
92.6958
102.651
99.3802
111.859
122.889
121.293
74.9486
88.2623
89.8435
101.564
98.6947
102.037
86.6864
91.6789
90.1692
124.419
94.7643
103.243
112.416
83.3894
83.8908
102.589
96.5969
103.153
116.709
84.0887
87.7966
119.477
139.413
70.4142
91.6021
97.468
106.147
110.678
91.2915
108.296
107.181
105.659
104.589
119.411
103.056
92.3802
84.4047
112.485
118.729
98.0763
76.566
115.096
99.6805
92.1418
103.933
87.0192
85.2061
123.147
130.632
95.203
101.904
121.363
97.2563
101.917
97.0209
105.781
105.573
88.5375
109.57
105.395
109.07
99.7125
125.827
98.3368
107.984
105.206
119.299
99.9444
110.044
96.8924
112.709
92.813
90.2559
100.348
102.003
115.033
88.6703
90.5073
79.5677
104.43
97.9331
80.6104
86.4792
79.9348
88.6959
104.537
125.979
98.6778
75.8126
73.9898
96.5706
105.549
91.0203
107.719
93.6941
90.4554
117.748
102.768
96.9023
112.325
107.066
123.766
94.9214
92.8974
110.391
83.8228
121.815
106.942
78.587
101.138
84.6101
90.8044
74.9214
101.636
101.46
104.309
105.834
92.2972
96.1557
100.797
89.3888
114.607
87.9644
86.4139
120.686
106.33
107.46
63.5607
120.663
96.72
137.09
98.1473
88.8793
91.8048
83.5474
119.938
119.229
77.2215
108.039
122.749
100.656
95.5719
113.039
109.332
93.3101
104.783
90.0201
112.801
113.093
121.63
109.337
75.6346
114.149
90.445
109.121
112.027
104.974
79.6737
73.066
105.545
113.714
91.0664
81.2178
69.1068
82.7706
75.4967
94.4407
99.4268
126.049
101.723
103.556
119.061
87.4929
93.0933
81.9161
74.5153
92.2191
78.3711
79.1472
77.3331
122.048
78.5452
89.5518
126.091
100.515
90.1484
80.3215
92.8949
107.111
99.7933
84.4275
113.027
92.1359
96.0742
96.5539
100.459
112.514
90.1216
77.6476
94.2819
102.658
100.33
109.272
94.6171
124.178
111.995
111.036
111.637
99.2389
107.991
93.467
85.7103
116.628
112.883
110.047
74.0934
71.6841
88.0509
118.732
100.706
93.2363
101.026
94.0669
82.565
98.173
97.0056
104.608
111.207
108.084
117.885
108.167
112.587
78.5613
115.514
91.385
87.7284
103.635
93.2559
92.2846
111.413
114.201
108.426
90.2322
101.124
101.558
115.428
82.6902
105.893
93.4591
101.356
77.9556
117.496
107.742
91.779
99.1327
107.056
120.204
107.247
84.5805
88.2481
69.0314
95.7525
93.5796
105.188
110.006
97.5649
118.558
95.9393
88.3474
117.957
96.9448
105.289
91.9814
80.4648
113.997
109.262
107.789
132.536
74.8163
121.399
77.443
94.6619
101.108
128.785
95.266
120.526
104.559
126.215
112.032
93.8078
80.6311
83.9898
89.0285
110.28
93.7393
83.6804
84.2925
91.3782
88.2377
87.4518
89.03
84.7852
81.9517
124.054
113.682
101.403
98.1569
99.3538
93.218
96.3514
96.0371
118.176
88.9554
98.6747
95.0303
90.2439
104.229
88.2341
94.6044
116.501
85.6516
97.7772
115.6
110.767
99.7961
86.723
101.769
96.0114
109.328
96.1664
105.011
92.5416
98.0003
124.387
85.9078
106.701
94.046
88.2042
70.8186
118.239
83.5553
111.581
114.986
82.9276
99.9201
92.1832
100.163
69.7755
102.712
108.321
95.8883
134.759
77.4484
114.722
106.494
93.9013
83.8269
74.5581
91.5156
95.3305
89.1324
96.5326
118.481
95.2687
96.296
107.505
95.5051
87.155
89.9094
79.0787
87.3945
97.5599
124.578
92.0337
89.2554
75.3884
83.5595
84.0223
101.373
139.287
92.5347
92.1999
88.9257
107.934
115.983
107.128
92.3214
113.39
112.347
101.062
85.3466
76.6058
97.79
133.273
85.1153
83.7467
75.9843
84.7022
129.177
93.9319
102.832
87.4297
81.317
81.6017
110.156
107.603
96.8204
110.112
90.9634
85.5361
103.454
126.268
110.067
102.771
84.0537
102.454
104.021
113.43
106.674
103.552
84.9407
100.125
97.7538
105.43
78.4786
89.9726
88.3054
78.0801
107.37
89.9535
128.45
110.959
77.4715
94.6559
93.0584
100.794
99.0552
94.4367
98.8694
108.338
114.173
93.9187
114.754
101.819
92.9787
84.3952
81.482
102.511
104.201
115.406
102.136
107.405
109.589
83.9455
95.6863
113.11
108.188
107.363
112.309
97.4045
90.2615
100.512
87.0757
112.562
93.6169
101.478
95.6878
95.0938
95.4771
78.4905
100.427
72.4964
84.8412
130.888
115.537
86.1636
88.2888
90.2906
109.129
104.874
99.5961
86.8872
127.863
84.7264
97.1726
126.478
92.7101
85.4131
108.554
81.623
103.423
107.423
110.387
122.555
111.3
97.6654
112.837
128.34
90.9822
106.545
122.498
113.784
107.036
101.815
103.953
107.726
87.522
103.685
98.5708
103.689
110.157
117.836
111.012
99.7075
77.3905
124.838
92.0033
97.376
102.144
91.2619
96.8974
71.5876
104.549
93.5856
108.585
95.7366
86.5139
135.64
99.0202
126.259
113.363
92.8936
124.297
101.708
106.691
82.6332
112.081
90.7791
92.6681
94.6352
103.256
89.3679
95.4865
98.5672
82.6304
86.8671
104.126
102.837
67.5606
115.399
102.344
97.9187
94.5198
83.2053
91.3294
90.7379
118.27
108.274
110.843
90.4075
108.251
93.1138
80.4629
120.734
87.3161
110.886
103.333
74.9435
96.0582
81.6262
88.0257
91.7329
78.5516
80.0652
116.426
108.683
123.882
116.347
84.1967
100.009
90.5394
82.3461
107.575
146.741
88.0155
91.0865
114.622
103.221
106.375
73.7192
96.3017
105.916
103.172
99.2886
102.62
116.501
96.8965
102.956
107.586
118.328
91.9089
88.4207
97.9919
84.0484
108.03
87.1048
89.263
108.558
132.648
88.5914
90.3411
96.689
100.627
72.5417
91.7723
94.6428
101.159
91.4239
78.7076
83.1171
86.076
121.1
107.549
95.2513
101.59
108.616
113.235
101.631
111.078
104.73
80.3281
80.3957
89.275
93.8623
89.391
91.5244
110.315
114.278
115.851
132.41
104.611
89.2464
105.867
103.768
102.217
111.241
88.3274
106.218
100.477
90.061
96.2154
84.3272
95.2247
110.706
92.7702
88.7617
113.671
119.465
103.65
129.315
112.552
97.4458
89.9212
94.3299
83.9138
126.101
81.3272
123.927
99.3789
114.618
97.6046
109.758
100.315
95.7941
89.7704
93.4861
91.5271
103.701
68.7753
82.5656
82.118
107
91.5441
106.234
133.886
99.4019
105.789
103.057
110.786
74.8249
94.3796
99.6098
95.7123
101.484
101.967
95.3596
111.633
93.4438
74.5267
76.2453
98.0544
94.5533
129.909
100.655
94.0351
114.713
101.802
105.575
99.644
98.1277
99.9409
105.537
107.578
117.863
90.803
136.865
126.323
91.1376
116.325
113.63
109.477
118.271
80.2586
103.041
99.2475
108.593
109.142
118.953
111.508
118.44
84.3202
85.5362
98.7203
110.579
84.6955
101.581
86.7534
108.278
88.3977
93.7826
96.0594
102.704
103.013
112.511
82.6682
101.955
111.551
99.8117
98.204
118.894
100.905
100.2
112.887
97.7929
113.831
72.7014
105.918
97.0271
106.337
119.811
101.685
100.278
92.3986
71.2595
105.457
98.1798
97.5282
77.8688
98.9374
81.4821
80.81
101.473
118.194
91.385
84.3583
123.155
118.376
102.673
105.758
106.143
73.8806
110.45
103.221
102.753
109.385
86.576
91.6849
121.063
86.5216
110.018
112.076
94.1554
80.4521
99.5574
111.476
91.0904
90.8499
91.6895
99.6625
83.642
116.049
104.266
93.4791
88.5514
116.707
102.301
104.963
117.198
81.0771
105.508
101.39
88.682
91.9866
90.4167
114.675
103.726
108.957
101.619
107.753
99.3507
118.74
89.2636
87.4421
97.9422
91.5931
78.4262
112.174
79.4857
118.915
82.5508
89.4252
95.5266
144.098
69.7738
111.092
120.468
115.122
100.515
81.9317
98.4181
83.3029
113.652
86.7856
91.2861
81.5978
88.2055
76.5204
108.918
109.256
98.7032
75.2844
107.028
97.1919
130.95
98.7355
97.5916
95.1793
96.06
126.439
85.481
109
118.779
110.642
93.5469
106.839
87.3729
84.6006
145.806
114.104
116.879
105.695
88.8773
84.5473
105.681
94.9924
118.31
113.784
72.3273
118.215
97.1009
120.574
92.2916
101.679
84.2605
98.4198
107.822
125.535
109
97.2221
104.551
92.1453
101.462
108.946
92.5671
98.1618
83.2515
108.691
138.221
86.3837
88.5643
85.3689
114.057
104.428
87.1468
96.3121
96.0565
88.552
115.129
90.075
129.655
108.536
98.1817
113.183
124.521
95.5244
110.937
90.34
112.195
89.6297
100.524
85.6742
79.0707
97.0758
94.9958
101.454
89.1612
129.545
83.0449
99.5105
89.9961
92.8421
111.238
112.836
103.581
95.2493
122.274
85.224
119.062
90.9695
99.2374
96.6559
104.718
95.6208
96.5568
90.2896
96.6698
92.4785
103.592
106.118
112.627
103.057
102.796
116.174
104.654
89.1908
105.258
96.2346
113.894
98.6803
86.1534
127.106
107.342
70.5697
103.016
95.7503
102.643
91.6705
95.0665
109.97
72.7433
70.8969
119.788
92.0886
86.9253
92.6767
86.3425
107.055
97.7801
91.0026
86.7904
125.796
93.4248
95.0221
106.824
101.705
72.1599
89.1633
93.3325
94.0889
107.717
104.861
100.926
105.284
101.459
99.9983
113.206
92.1213
82.7611
104.475
87.2513
92.6843
74.8341
115.769
96.2874
96.3143
76.0501
101.177
90.3361
100.57
110.786
78.6199
102.216
96.7726
102.546
94.3393
128.389
96.1649
117.688
88.2133
93.4613
90.72
79.358
114.038
109.551
80.2653
106.236
74.4564
116.623
122.583
122.806
115.203
131.867
112.943
112.451
75.32
120.178
93.524
92.7388
70.3882
71.5584
101.809
116.164
101.158
97.9018
89.6212
120.84
91.0356
107.346
96.4197
105.892
117.423
107.251
73.9825
109.964
106.367
106.762
119.955
102.951
88.1054
91.4022
104.014
76.1495
102.608
127.832
107.396
95.5902
95.7057
70.4266
113.491
103.912
92.8436
73.5446
110.499
82.0444
91.7565
122.005
99.7578
95.6294
116.369
92.9407
107.768
95.2649
103.313
95.9087
92.9134
97.3177
113.276
102.008
99.4616
115.898
111.778
104.418
82.758
108.563
120.669
90.0294
126.937
96.3536
87.5441
82.3983
103.858
117.003
90.4062
79.1925
77.3584
78.574
109.891
87.7072
106.929
103.77
112.062
112.211
85.6144
84.1401
99.8335
102.652
95.4831
120.848
91.8719
121.392
85.5399
109.194
102.567
104.62
97.9773
100.348
115.002
143.062
97.594
126.212
92.053
91.4609
93.9347
106.447
95.5286
105.174
90.0889
85.8612
73.4997
131.205
95.5876
101.401
79.2739
98.6774
114.72
87.0748
79.8638
96.6124
89.9381
102.024
94.0413
93.9815
81.6496
98.7557
92.3369
138.607
103.049
86.9005
106.54
70.2671
122.7
100.128
127.186
100.852
108.392
81.3393
101.375
134.428
104.31
100.305
86.6766
111.277
116.94
97.4463
108.451
121.947
97.2413
111.308
80.5288
113.135
103.685
116.946
108.757
81.1641
108.038
108.463
108.758
105.156
108.27
105.659
105.35
81.4195
92.5082
93.8716
120.303
108.744
115.784
125.082
76.6477
94.6686
87.9618
107.447
79.9753
103.691
111.161
96.4728
108.003
92.6981
104.35
105.488
94.0236
97.3214
73.7988
96.9592
85.647
111.517
78.8964
89.1905
89.5461
77.8016
84.6689
103.4
106.382
102.214
76.9767
105.665
96.1864
98.0592
93.4952
82.7076
91.551
86.0554
113.078
116.792
127.899
119.087
93.6774
102.571
111.939
82.3065
108.541
100.621
98.3046
101.333
111.601
117.149
100.405
101.951
86.7721
120.246
101.108
117.407
93.1575
73.467
95.7606
86.3519
95.8513
87.2711
102.266
87.9975
101.096
85.3939
88.3757
122.453
115.805
116.434
83.0962
98.5501
72.8015
82.263
123.853
94.9304
95.9963
134.738
88.0721
100.949
100.972
117.752
79.5626
93.6685
119.49
72.8798
91.5644
81.3626
102.614
107.04
91.5134
88.2393
94.814
87.2505
98.6215
121.46
106.898
110.091
84.6924
130.358
102.578
90.543
106.942
92.0383
103.745
104.909
108.173
107.797
120.868
114.396
99.1886
96.5837
112.155
86.6776
101.753
86.6013
105.785
96.8126
109.049
104.816
131.162
110.229
91.8821
83.3191
94.1163
87.9471
95.4987
111.862
84.8463
103.297
91.1609
97.9785
125.071
92.1309
96.1337
93.3234
121.434
95.4685
89.155
87.9041
100.971
90.468
91.7924
99.3997
91.8858
76.3176
135.232
75.5844
98.9451
100.719
81.7905
92.6438
91.264
110.917
114.936
85.5783
77.7411
86.3594
109.044
87.7341
96.0296
106.581
75.5345
110.997
81.1591
104.338
110.132
96.7443
88.7262
85.5576
103.045
106.416
80.1664
79.9328
93.8685
92.8684
112.85
82.4283
75.5545
113.106
121.447
90.767
95.4077
87.6003
88.3158
112.444
149.032
91.6719
94.8336
108.592
80.8996
93.4134
81.3022
87.4349
101.806
113.004
109.087
93.4772
134.052
94.7076
136.003
91.0096
88.3935
104.992
89.9888
103.136
113.957
103.408
119.253
115.895
91.4279
91.7843
90.2059
105.413
83.1064
102.482
84.6466
85.5975
95.4319
92.3645
90.0879
92.5778
87.2504
100.835
100.872
103.664
90.7688
99.2852
82.0865
73.9312
82.1858
81.6599
83.2337
125.682
103.361
103.762
87.1429
152.958
101.13
105.486
104.577
61.6468
101.239
87.2631
91.2416
98.6368
106.311
89.735
102.316
109.981
96.4558
89.3353
115.024
112.939
97.4591
97.9408
90.7014
109.268
80.6543
92.5696
106.012
84.4669
93.2688
86.5423
97.8613
101.814
94.077
100.032
104.376
110.77
91.1496
103.868
88.1308
96.5315
89.5559
112.927
115.748
93.0675
85.1074
98.9675
93.9705
89.3157
93.0056
103.745
77.9398
115.123
128.295
98.885
72.6969
105.7
88.76
97.3853
100.744
90.3042
93.5797
73.541
103.104
99.3118
107.716
102.553
89.5439
91.9054
97.6855
97.5887
90.2214
91.4997
94.2069
127.134
95.7712
107.436
87.8516
91.5955
116.54
91.9811
112.066
98.2791
100.391
92.2349
100.158
102.093
96.4268
75.8632
109.599
92.7228
95.4445
100.162
132.179
101.409
96.0104
103.033
104.375
93.0104
109.571
102.645
82.3173
100.26
82.9987
120.874
118.773
110.484
89.544
91.9458
97.5109
90.0685
108.316
120.347
98.9079
92.1481
128.57
96.1426
100.814
109.84
76.7117
101.029
116.823
84.881
110.715
100.182
91.0915
98.646
98.875
94.1893
87.5578
94.9011
102.985
95.872
120.789
97.1677
87.3752
94.605
96.9384
108.615
102.425
70.4669
117.128
141.703
91.2503
94.6394
102.892
112.792
114.591
85.0023
113.526
116.382
103.48
97.0218
104.653
114.201
117.379
98.4999
101.612
97.6017
96.4046
105.953
99.6222
96.5138
83.1066
115.378
98.6873
95.7633
72.3141
69.9249
102.047
82.6431
88.8801
95.3022
90.406
87.109
103.533
112.306
97.5418
102.883
93.6953
101.8
97.4381
113.067
94.0519
81.4272
98.0826
85.8343
104.703
109.981
93.4656
101.948
89.766
99.3036
92.759
118.196
102.569
80.6516
89.5349
88.4991
101.412
96.4034
103.083
96.8139
88.7816
79.4578
93.9603
99.9269
136.527
92.833
103.14
139.273
99.0193
108.007
123.478
98.8488
93.7645
112.244
74.0139
106.427
135.658
107.526
127.437
115.666
84.0202
84.0621
122.923
111.799
106.825
116.691
106.321
117.083
80.5365
97.2527
85.3714
96.9828
97.4103
123.209
99.2545
90.3409
101.259
118.625
71.9939
105.63
93.5261
88.0983
81.8953
104.006
86.6581
110.116
95.1148
121.269
88.6041
87.9
101.955
91.0366
89.4696
92.2525
120.706
93.8652
89.4109
115.226
120.194
95.5287
66.1658
74.9421
93.6543
111.351
117.872
90.9075
95.4499
98.7189
91.4734
79.7162
90.4028
118.618
101.201
67.2236
89.7857
105.882
95.7519
92.9481
84.9286
93.212
96.5748
106.149
109.112
102.035
79.2568
98.6205
123.848
101.423
79.2911
152.37
102.989
100.541
93.1322
103.548
107.965
83.8109
101.225
120.071
96.4642
93.279
108.965
106.645
83.8037
108.057
93.7912
81.5017
95.7915
92.5134
90.1399
107.462
105.485
85.8967
89.0158
115.16
100.631
105.976
112.376
107.514
88.3929
99.0085
94.6307
102.903
105.063
107.139
100.112
88.6127
114.409
72.8442
98.587
116.42
118.422
78.6966
94.7582
99.4891
89.0299
114.196
102.583
92.2475
88.0017
105.252
107.435
81.1007
89.4785
101.33
112.934
109.729
82.1236
83.9228
91.1329
78.6684
98.5354
105.181
102.166
88.4558
121.707
104.073
98.858
68.2163
97.8452
105.814
77.0638
86.2689
100.093
96.0713
88.1659
90.4068
92.9256
104.529
102.545
91.4891
97.0243
101.801
85.4491
100.683
113.666
114.203
97.2212
76.8714
88.5418
131.615
114.566
101.781
118.309
90.1454
83.5633
87.4786
101.043
135.986
123.098
82.5459
105.782
84.0227
101.584
112.945
103.654
90.4314
107.292
92.5556
118.865
99.3128
106.035
104.878
95.0105
83.2383
106.695
100.992
92.7264
84.2071
118.263
99.4873
98.3871
103.628
114.047
104.843
98.7197
95.6462
105.605
113.083
85.0968
102.307
95.5223
80.094
114.522
93.2993
125.074
93.3298
111.287
96.9452
70.7936
102.601
75.4681
109
115.387
97.4112
107.752
82.9105
99.4594
110.709
89.734
100.988
103.103
91.8796
84.7122
85.9398
88.7584
86.9989
94.5051
87.9435
120.149
95.9445
89.9896
102.533
127.654
123.572
108.592
98.2509
115.51
90.6697
110.879
85.364
87.334
110.858
113.825
110.976
97.8417
80.1695
99.3564
106.017
100.346
110.455
107.626
91.2684
103.546
108.532
94.0347
88.7774
100.961
97.2748
107.677
101.656
89.6266
109.178
107.161
107.642
109.095
85.1767
79.663
89.4287
104.936
114.51
85.6066
109.601
83.1854
94.7782
105.122
90.4798
86.9498
146.199
83.3787
99.7438
77.5525
121.587
110.301
110.722
104.484
108.681
104.03
93.2171
109.278
120.125
111.586
97.3654
85.8538
100.893
111.843
101.678
111.878
105.585
86.3955
104.358
90.865
107.385
97.7673
76.3744
96.61
90.0048
99.3887
90.8714
93.2474
95.8055
91.0228
103.162
122.17
109.155
94.1711
103.698
121.573
95.9189
102.523
102.783
96.9806
128.011
65.9669
95.2134
105.649
111.465
99.0063
95.4675
89.0098
107.229
103.854
85.2721
95.1377
113.3
102.547
96.4085
90.7145
81.2649
85.128
107.652
119.871
100.593
85.7228
95.6034
96.1984
78.9233
77.1834
109.862
92.2444
89.8025
77.7811
106.899
81.0939
107.142
98.2794
79.7599
100.771
118.297
74.4579
98.6033
102.16
88.0628
114.22
80.4999
100.56
92.0439
106.026
102.301
116.189
117.343
95.4274
102.121
101.724
95.0257
112.689
87.7571
100.891
79.8145
114.501
91.0047
126.681
102.941
112.249
96.741
119.638
111.108
99.1711
89.5131
99.0746
116.89
77.0135
100.762
94.7366
95.8262
101.079
123.136
96.5198
109.097
99.6539
99.497
92.3259
85.2369
95.1548
108.63
123.026
115.951
113.343
105.431
119.228
75.6412
106.121
98.2385
121.063
72.1898
114.972
100.097
87.8702
109.685
95.0281
91.7809
101.899
96.2867
90.6422
122.479
84.6302
101.807
102.261
115.463
107.766
75.6307
91.1144
91.2561
80.5119
112.244
95.1009
116.139
100.278
85.5047
98.0717
98.9866
134.783
89.0947
90.1962
94.3238
82.1406
98.5956
112.333
90.6467
114.111
103.423
97.878
102.505
86.7588
95.6462
88.587
110.264
110.309
84.5934
91.4031
102.307
92.5638
93.3628
100.381
108.67
92.4346
74.4283
86.2943
118.173
112.175
103.379
98.6983
101.365
95.9863
97.0367
99.8472
92.5487
114.836
98.9893
126.513
119.517
83.8199
91.6102
117.691
95.5362
103.608
107.377
76.6492
120.169
105.917
98.049
83.3097
109
65.7132
114.942
85.3407
66.6566
88.4018
97.5823
129.001
99.1687
103.879
88.6267
107.269
91.0706
100.829
105.386
98.4117
112.34
112.294
90.336
105.227
104.989
98.1826
98.6972
87.9294
83.7357
106.785
103.907
115.151
93.5995
105.968
84.5674
101.815
118.656
104.669
94.6436
104.576
87.0675
125.657
113.712
91.5499
98.3434
112.34
111.927
105.12
95.6171
108.381
91.7883
79.8962
98.286
88.6933
95.1842
99.3822
104.317
114.685
81.2647
103.616
115.867
83.6748
65.3888
107.395
83.466
116.957
82.1281
105.456
108.253
104.144
127.449
82.9773
97.5711
77.7849
135.733
107.63
112.426
115.257
84.8847
92.3418
94.0981
122.36
116.076
92.9108
129.535
74.8984
101.174
72.4203
112.675
119.683
95.2545
88.5633
108.786
110.857
105.575
132.942
91.591
81.9275
98.7977
86.0397
101.487
106.256
97.8467
85.1765
99.6055
83.4312
115.154
113.808
100.645
112.791
138.459
96.0625
108.592
103.304
100.842
99.5277
94.2099
109.996
96.0438
116.8
130.254
105.532
121.932
95.7362
92.9888
101.215
102.279
86.5186
102.631
88.2323
126.569
104.663
105.033
86.0207
106.235
106.466
109.102
96.9145
122.558
94.0582
95.9052
105.724
91.1939
85.8831
111.996
137.874
83.8728
104.192
68.3499
69.1892
102.63
107.649
104.559
86.6296
111.304
93.193
121.288
93.7926
106.777
104.338
103.769
113.491
98.0763
92.7308
77.8365
106.154
114.777
84.9183
103.741
118.334
101.423
74.2789
99.6517
95.6716
96.1739
100.258
86.3605
81.2633
100.416
91.6047
94.6257
118.818
117.567
91.6764
111.811
85.2721
82.0462
95.5884
85.6219
99.4255
88.6094
95.696
87.4501
114.934
132.045
104.632
92.4167
137.628
73.9998
89.758
84.4165
90.303
103.27
96.2953
95.6648
78.6815
122.624
90.7001
82.1368
72.5445
109.33
94.4675
84.9098
85.1993
108.451
98.2397
104.427
96.6191
99.1961
72.5783
113.151
116.108
101.312
102.094
113.54
82.5675
114.116
124.175
101.54
104.673
108.626
86.5463
109.253
134.544
88.7621
98.2333
97.999
111.405
93.3355
113.944
133.63
109.065
